GIS
"EXCHANGE%3DETR
MARKET_OPEN_MINUTE=540
MARKET_CLOSE_MINUTE=1050
INTERVAL=60
COLUMNS=DATE,OPEN
DATA=
TIMEZONE_OFFSET=120
a1496127900,57.58
29,57.8
42,57.96
58,57.95
66,57.78
69,57.87
75,57.94
80,57.96
130,57.95
190,57.86
198,57.82
214,57.93
236,57.81
250,57.93
267,58.15
272,57.98
280,57.94
282,57.9
285,57.8
296,57.77
320,57.96
341,58.01
357,57.83
380,58
381,58.01
383,57.95
384,57.7
385,57.7
386,57.83
387,57.7
389,57.67
397,57.69
398,57.61
406,57.53
407,57.5
408,57.51
419,57.76
440,57.66
443,57.74
448,57.81
449,57.83
485,57.78
495,57.87
a1496214300,57.82
2,57.83
31,57.76
32,57.76
103,57.62
112,57.63
122,57.58
156,57.67
184,57.52
192,57.78
198,57.55
225,57.5
226,57.49
238,57.46
239,57.48
250,57.45
282,57.5
293,57.64
295,57.5
296,57.46
304,57.7
318,57.68
344,57.45
369,57.65
373,57.43
384,57.58
386,57.46
387,57.36
389,57.41
396,57.46
398,57.46
405,57.31
407,57.39
410,57.31
412,57.27
416,57.25
420,57.23
425,57.37
434,57.32
437,57.2
438,57.2
443,57.19
452,57.36
463,57.38
477,57.34
478,57.35
483,57.35
485,57.38
488,57.32
490,57.41
492,57.42
495,57.43
499,57.48
501,57.44
a1496300700,57.8
13,57.6
23,57.7
25,57.61
31,57.76
38,57.62
72,57.62
73,57.62
101,57.76
110,57.79
125,57.66
139,57.79
194,57.8
218,57.85
226,57.88
253,58.1
283,58.09
306,58.1
318,58.1
324,57.98
326,58.1
329,58.29
339,58.29
341,58.29
346,58.07
375,57.98
383,58.05
387,58.14
388,58.19
390,58.4
391,58.22
392,58.15
393,58.21
395,58.2
401,58.27
403,58.37
405,58.46
406,58.57
410,58.44
412,58.39
415,58.41
417,58.31
424,58.47
425,58.45
428,58.37
431,58.44
440,58.33
442,58.24
455,58.25
485,58.38
495,58.29
a1496389800,57.76
4,57.89
6,58.06
27,57.76
50,57.83
53,57.65
85,57.89
89,57.84
95,57.8
109,57.61
126,57.8
189,57.65
193,57.9
195,57.69
208,57.9
227,57.89
269,57.87
292,57.4
297,57.55
320,57.5
323,57.5
340,57.58
342,57.51
346,57.71
348,57.75
362,57.5
363,57.5
366,57.56
369,57.46
374,57.5
379,57.48
380,57.48
399,57.73
408,57.71
412,57.67
426,57.77
427,57.91
428,57.9
431,57.8
434,57.81
435,57.83
439,57.82
446,57.77
453,57.76
457,57.82
a1496732700,58.14
18,58.46
34,58.01
73,58.47
78,58.14
79,58.13
160,58.37
211,58.37
241,58.46
250,58.22
253,58.47
295,58.11
297,58
313,58.25
327,58.25
332,58.27
358,58.25
370,58
383,57.88
388,57.76
389,57.74
391,57.65
399,57.7
401,57.7
402,57.7
415,57.9
417,57.95
423,57.9
429,57.94
437,57.94
439,57.9
443,57.84
453,57.69
456,57.67
472,57.54
492,57.54
495,57.54
503,57.53
504,57.53
a1496819100,57.7
15,57.64
48,57.53
55,57.54
59,57.54
66,57.5
68,57.68
81,57.68
109,57.66
116,57.66
154,57.63
176,57.53
180,57.62
189,57.69
190,57.7
288,57.75
291,57.75
302,57.92
329,57.7
333,57.7
334,57.7
335,57.66
373,57.7
383,57.88
386,57.88
388,57.83
390,57.86
391,57.86
392,57.93
394,58
398,58
401,57.85
406,57.59
414,57.64
417,57.64
425,57.5
427,57.48
430,57.4
439,57.31
444,57.25
448,57.2
453,57.16
473,57.18
487,57.3
491,57.37
497,57.41
499,57.57
503,57.5
504,57.5
a1496905500,57.12
6,57.02
17,57.11
47,57.55
69,57.18
71,57.18
101,57.55
120,57.36
130,57.4
148,57.24
149,57.24
163,57.23
183,57.2
184,57.2
204,57.27
221,57.2
237,57.25
238,57.2
253,57.15
274,57.16
275,57.15
281,57.11
314,57.28
332,57.23
381,57.19
389,57.34
391,57.28
392,57.34
400,57.21
403,57.22
410,57.14
413,57.16
419,57.32
442,57.16
475,57.15
476,57.13
481,57.15
484,57.2
488,57.25
497,57.36
498,57.37
a1496992500,57.32
31,57.36
55,57.55
59,57.34
60,57.34
90,57.34
96,57.3
116,57.34
117,57.34
126,57.35
127,57.35
132,57.35
142,57.3
145,57.36
146,57.38
154,57.39
176,57.31
183,57.4
189,57.31
206,57.4
214,57.4
218,57.4
243,57.4
286,57.4
308,57.59
348,57.33
366,57.46
376,57.48
380,57.46
381,57.47
383,57.53
385,57.48
386,57.41
387,57.31
390,57.31
394,57.36
395,57.35
398,57.36
404,57.52
405,57.48
407,57.44
411,57.46
415,57.38
416,57.35
424,57.31
431,57.39
448,57.38
453,57.38
456,57.35
465,57.31
482,57.35
485,57.3
a1497251100,57.8
16,57.79
40,57.7
46,57.7
61,57.51
62,57.49
70,57.4
76,57.53
78,57.4
81,57.37
85,57.43
86,57.44
91,57.48
95,57.58
97,57.34
98,57.56
129,57.67
234,57.5
261,57.49
282,57.4
283,57.4
328,57.49
332,57.48
334,57.47
341,57.49
386,57.64
387,58.24
388,58.52
389,58.65
390,58.87
393,59.08
397,58.91
400,59.19
406,59.42
417,59.16
441,59.02
447,59.11
470,58.71
477,58.75
492,58.38
498,58.31
a1497337500,58.7
3,58.91
7,58.7
16,58.14
27,58.15
48,58.99
49,58.5
57,58.98
83,58.99
100,58.99
117,58.99
118,58.58
119,58.56
121,58.56
123,58.56
124,58.56
125,58.56
129,58.79
150,58.79
151,58.78
162,58.75
181,58.55
197,58.74
255,57.99
343,58.79
384,58.54
398,58.29
399,58.23
402,58.07
403,58.05
413,58.3
428,58.24
433,58.16
434,58.22
435,58.26
438,58.13
450,58.14
451,58.11
453,58.13
454,58.18
459,58.13
462,58.17
464,58.17
466,58.28
467,58.28
476,58.41
a1497423900,57.9
19,57.82
21,57.56
29,57.54
42,57.8
43,57.85
53,57.61
119,57.66
124,57.67
153,57.65
165,57.82
189,57.77
190,57.77
202,57.77
207,57.8
211,57.71
222,57.77
291,57.9
296,57.98
307,57.9
309,57.85
314,57.8
315,58.11
319,58.1
328,57.8
329,57.7
354,57.74
371,57.5
382,57.5
383,57.5
386,57.65
387,57.55
392,57.53
410,57.49
412,57.5
414,57.47
420,57.34
432,57.2
437,57.55
438,57.58
440,57.63
445,57.64
483,57.51
490,57.58
a1497510420,58.32
100,57.62
101,57.63
146,58.41
155,58
186,58.1
207,57.91
214,57.9
229,57.84
246,57.76
293,57.84
352,58.19
380,58.11
387,58.31
388,58.36
389,58.36
390,58.18
397,57.97
410,57.86
420,58.11
427,58.17
431,58.12
440,58.27
444,58.3
449,58.28
453,58.27
461,58.24
463,58.19
467,58.22
470,58.2
475,58.19
476,58.18
478,58.16
488,58.01
492,57.98
494,58
499,58.02
502,57.99
a1497596940,58.07
63,58.2
73,58.28
85,58.25
103,58.46
108,58.3
130,58.36
131,58.21
134,58.27
155,58.14
160,58.43
166,58.2
171,58.43
176,58.43
301,58.17
342,58.03
380,58.02
382,57.96
389,57.65
393,57.55
399,57.41
408,57.36
431,57.34
433,57.29
436,57.34
437,57.31
450,57.17
463,57.1
466,57
488,57.08
498,57.09
a1497855900,57.3
41,57.63
45,57.46
49,57.58
59,57.36
60,57.6
71,57.5
119,57.59
148,57.54
174,57.53
178,57.64
179,57.64
181,57.64
183,57.62
185,57.63
186,57.63
187,57.65
198,57.64
207,57.63
246,57.51
253,57.38
264,57.3
276,57.31
322,57.39
344,57.5
345,57.63
370,57.64
386,57.43
391,57.48
392,57.43
397,57.63
421,57.69
429,57.79
434,57.8
442,57.89
447,58.04
449,57.99
453,57.89
455,57.9
462,57.9
464,57.92
468,57.98
478,57.9
484,57.96
489,57.94
501,57.98
"
