DLG
"EXCHANGE%3DETR
MARKET_OPEN_MINUTE=540
MARKET_CLOSE_MINUTE=1050
INTERVAL=60
COLUMNS=DATE,OPEN
DATA=
TIMEZONE_OFFSET=120
a1499670000,38.54
1,38.5
2,38.42
3,38.5
4,38.5
6,38.445
7,38.5
8,38.625
9,38.74
10,38.755
11,38.71
12,38.73
13,38.815
14,38.82
15,38.865
16,38.87
18,38.855
19,38.845
20,38.885
21,38.935
22,38.885
23,38.885
24,38.845
25,38.84
26,38.87
27,38.91
28,38.89
29,38.895
30,38.88
31,38.85
32,38.87
33,38.83
34,38.855
35,38.865
36,38.83
37,38.855
38,38.91
39,38.985
40,39.07
41,39.07
42,39.07
43,39.1
44,39.09
45,39.03
46,39.025
47,38.99
48,38.95
49,38.96
52,38.92
53,38.955
54,38.94
55,38.975
56,38.975
57,38.995
58,39.005
59,38.985
60,38.99
61,39
62,38.99
63,39.005
64,39.005
65,38.99
66,39.005
68,38.98
69,38.995
72,39.015
73,39.03
74,38.975
75,39.03
76,38.965
77,38.965
78,38.955
79,38.96
80,38.925
81,38.925
82,38.92
83,38.95
84,38.95
85,38.935
86,38.96
87,38.96
88,38.965
90,38.94
91,38.945
93,38.985
94,38.995
95,39
96,39.005
97,39.055
98,39.04
100,39.1
101,39.1
102,39.1
103,39.1
104,39.07
106,39.055
108,39.04
109,39.06
111,39.035
112,39
114,38.925
115,38.925
116,38.94
118,38.98
119,38.98
120,39.01
121,39
122,38.985
123,39
127,38.945
128,38.885
129,38.92
131,38.93
132,38.975
133,38.95
134,38.95
135,38.98
136,38.94
140,38.95
141,38.955
142,38.93
143,38.9
145,38.89
146,38.87
150,38.89
153,38.925
156,38.95
157,38.875
158,38.885
159,38.865
160,38.885
163,38.865
164,38.89
167,38.9
168,38.885
169,38.855
170,38.87
171,38.91
173,38.955
174,38.925
176,38.895
178,38.92
180,38.94
181,38.94
182,38.93
184,38.93
185,38.94
189,38.93
191,38.945
192,38.92
193,38.91
195,38.87
197,38.885
198,38.87
199,38.905
200,38.91
201,38.905
204,38.9
205,38.88
211,38.875
212,38.875
215,38.9
217,38.925
218,38.93
219,38.97
220,39.015
221,39.035
223,39.07
224,39.045
225,39.015
226,39.02
230,39
231,39
232,39.01
233,39.02
234,39.03
235,39.015
236,39
238,38.955
239,38.975
240,38.975
243,39.025
247,38.945
249,38.94
250,38.93
251,38.945
252,38.955
253,38.99
254,38.98
257,38.975
258,38.965
259,38.975
260,38.96
262,38.97
263,39.01
264,39.005
268,38.985
269,38.99
270,39.005
271,38.995
272,38.995
273,38.97
274,38.98
275,38.98
276,39
278,38.98
280,38.995
284,39.025
285,39.025
286,39.01
288,39
289,39.015
290,39.015
291,39
292,39.015
298,38.99
299,38.97
300,38.96
302,38.975
304,39
305,38.98
306,39.015
308,39.005
310,39.02
312,39.045
315,39.065
322,39.035
323,39.055
325,39.055
326,39.065
328,39.04
329,39.04
330,39.025
332,39.04
333,39.03
342,39.045
345,39.015
346,38.975
347,38.94
348,38.965
349,38.955
352,38.965
355,38.98
359,38.99
360,38.985
363,38.96
366,38.925
367,38.88
368,38.86
369,38.815
370,38.825
372,38.815
373,38.815
376,38.805
377,38.805
380,38.78
381,38.8
382,38.805
383,38.83
387,38.845
388,38.835
391,38.835
392,38.815
393,38.845
394,38.835
396,38.86
397,38.86
398,38.84
399,38.845
400,38.81
401,38.83
402,38.815
404,38.795
405,38.81
407,38.82
409,38.785
410,38.785
411,38.795
412,38.785
414,38.765
415,38.745
416,38.735
417,38.74
418,38.715
419,38.67
421,38.695
422,38.71
423,38.725
425,38.735
427,38.755
428,38.735
429,38.73
430,38.735
431,38.745
434,38.705
435,38.71
436,38.7
437,38.68
438,38.695
442,38.69
444,38.705
445,38.69
446,38.675
448,38.66
449,38.65
451,38.64
453,38.645
456,38.675
458,38.66
459,38.68
460,38.695
462,38.69
463,38.68
466,38.67
467,38.665
468,38.675
469,38.665
470,38.655
473,38.625
474,38.615
475,38.615
477,38.62
478,38.61
480,38.6
481,38.605
482,38.595
483,38.6
484,38.63
485,38.63
486,38.64
487,38.66
490,38.7
491,38.74
492,38.765
493,38.77
494,38.785
495,38.75
496,38.735
497,38.725
498,38.755
499,38.72
500,38.735
501,38.74
502,38.715
503,38.725
504,38.71
505,38.705
506,38.69
507,38.695
508,38.695
509,38.7
510,38.715
a1499756460,38.975
1,38.925
2,39.045
6,39.065
7,39.15
8,39.1
10,39.025
11,39.035
12,38.985
13,38.94
14,38.91
15,38.915
16,38.975
19,38.95
21,38.95
22,38.95
23,38.97
24,38.99
25,39
26,38.985
27,38.895
28,38.82
31,38.91
32,38.895
33,38.88
34,38.855
35,38.865
36,38.865
37,38.805
38,38.84
39,38.845
41,38.785
42,38.795
43,38.78
44,38.76
45,38.72
46,38.725
47,38.705
48,38.72
49,38.725
50,38.7
51,38.725
52,38.735
53,38.695
54,38.73
56,38.765
57,38.77
58,38.76
59,38.695
60,38.705
61,38.69
62,38.665
63,38.65
64,38.605
66,38.59
67,38.57
68,38.53
69,38.595
70,38.605
71,38.59
72,38.6
73,38.63
74,38.63
75,38.64
76,38.655
77,38.695
78,38.695
79,38.71
81,38.69
82,38.715
83,38.715
84,38.715
87,38.7
88,38.675
91,38.69
92,38.65
93,38.68
94,38.7
95,38.68
97,38.71
98,38.725
100,38.73
101,38.725
103,38.715
104,38.72
105,38.725
109,38.71
110,38.695
111,38.695
112,38.695
115,38.695
116,38.675
117,38.685
119,38.69
121,38.695
122,38.715
124,38.685
125,38.69
126,38.7
130,38.71
131,38.715
132,38.76
133,38.775
135,38.785
138,38.805
139,38.79
141,38.82
143,38.805
145,38.82
146,38.81
147,38.81
153,38.815
155,38.8
156,38.78
158,38.81
160,38.82
161,38.83
162,38.835
164,38.855
165,38.855
167,38.855
168,38.855
169,38.835
170,38.775
171,38.775
172,38.77
173,38.735
174,38.76
175,38.755
176,38.755
177,38.765
178,38.75
179,38.735
180,38.735
181,38.67
182,38.63
183,38.465
185,38.57
186,38.54
187,38.57
188,38.54
189,38.555
192,38.58
193,38.585
194,38.605
195,38.665
196,38.68
197,38.68
198,38.685
201,38.7
202,38.7
204,38.725
205,38.765
207,38.805
208,38.805
209,38.805
212,38.805
213,38.77
214,38.75
215,38.805
216,38.845
217,38.83
220,38.855
221,38.875
222,38.9
223,38.91
224,38.885
225,38.88
226,38.85
229,38.85
231,38.84
232,38.84
233,38.82
235,38.835
236,38.84
237,38.825
238,38.81
239,38.83
242,38.815
243,38.83
244,38.865
247,38.83
249,38.81
250,38.765
252,38.775
256,38.725
257,38.73
259,38.72
261,38.72
262,38.72
264,38.745
265,38.785
266,38.78
269,38.8
272,38.79
273,38.78
278,38.78
279,38.7
280,38.72
282,38.735
283,38.75
286,38.75
289,38.73
290,38.685
291,38.645
292,38.635
293,38.62
294,38.61
295,38.525
296,38.5
297,38.535
298,38.57
299,38.62
300,38.62
301,38.605
302,38.635
303,38.655
304,38.675
306,38.625
307,38.64
310,38.64
314,38.645
315,38.67
319,38.62
320,38.585
321,38.595
324,38.57
325,38.58
327,38.58
330,38.53
334,38.54
335,38.53
338,38.495
339,38.5
341,38.505
343,38.525
344,38.48
345,38.425
347,38.455
348,38.44
350,38.43
352,38.425
353,38.42
354,38.4
357,38.38
359,38.39
363,38.37
364,38.38
367,38.35
368,38.34
369,38.305
370,38.32
371,38.255
372,38.22
373,38.225
374,38.195
375,38.195
377,38.22
378,38.24
379,38.25
380,38.265
381,38.22
383,38.185
385,38.175
386,38.2
388,38.195
390,38.165
391,38.17
392,38.165
393,38.18
394,38.16
395,38.155
396,38.155
397,38.115
398,38.06
399,38
400,38
401,38
402,37.975
404,37.99
405,38.045
406,38.085
408,38.13
409,38.185
410,38.18
411,38.195
412,38.205
413,38.2
414,38.155
415,38.205
417,38.195
418,38.2
419,38.155
423,38.145
424,38.17
425,38.23
426,38.24
427,38.3
428,38.295
429,38.265
432,38.3
433,38.285
435,38.29
436,38.265
437,38.29
438,38.275
439,38.28
440,38.31
443,38.32
444,38.315
445,38.375
446,38.395
447,38.385
448,38.4
449,38.41
452,38.43
453,38.42
454,38.425
455,38.44
456,38.44
457,38.42
458,38.41
460,38.45
461,38.455
462,38.44
463,38.46
464,38.48
465,38.53
466,38.545
467,38.53
468,38.56
469,38.565
470,38.585
472,38.605
474,38.62
475,38.655
476,38.665
478,38.7
479,38.71
480,38.65
481,38.66
482,38.655
483,38.685
485,38.705
487,38.7
488,38.685
489,38.685
490,38.695
491,38.67
492,38.62
493,38.585
494,38.595
495,38.605
496,38.57
497,38.57
498,38.535
499,38.53
500,38.53
501,38.505
502,38.48
503,38.48
504,38.485
505,38.48
506,38.465
507,38.47
508,38.545
509,38.54
a1499842860,38.82
1,38.775
2,38.735
4,38.595
5,38.7
6,38.805
8,38.725
9,38.705
10,38.72
12,38.7
13,38.69
14,38.675
15,38.695
16,38.715
17,38.675
18,38.745
19,38.665
20,38.66
21,38.64
22,38.675
23,38.675
24,38.66
26,38.625
27,38.645
28,38.635
29,38.675
30,38.675
31,38.73
32,38.75
33,38.775
34,38.805
35,38.825
36,38.885
37,38.95
38,38.955
40,39.01
41,39.04
42,39.06
43,39.04
44,38.985
45,39.035
48,39.05
49,39.035
50,39.085
51,39.11
52,39.055
53,39.065
54,39.085
55,39.095
56,39.085
57,39.105
59,39.095
60,39.09
61,39.085
64,39.07
65,39.07
66,39.105
67,39.1
68,39.09
69,39.075
71,39.135
72,39.135
73,39.11
74,39.125
75,39.12
76,39.09
77,39.1
78,39.095
79,39.095
80,39.145
81,39.145
83,39.165
85,39.165
86,39.19
87,39.225
88,39.215
89,39.205
90,39.2
91,39.17
94,39.17
96,39.25
97,39.215
98,39.24
99,39.265
100,39.285
101,39.26
102,39.29
104,39.24
105,39.245
107,39.215
108,39.23
110,39.21
111,39.175
112,39.17
113,39.175
114,39.17
115,39.155
116,39.155
118,39.15
119,39.15
120,39.165
121,39.17
122,39.165
124,39.135
127,39.11
129,39.1
131,39.06
132,39.06
133,39.06
134,39.06
135,39.06
136,39.03
138,39.005
140,39.01
141,39.025
142,38.98
147,38.985
151,38.975
153,38.93
154,38.88
155,38.89
160,38.895
161,38.895
163,38.935
166,38.98
167,39.01
168,39.04
169,39.055
170,39.085
171,39.05
172,38.985
174,39
175,38.98
177,38.94
178,38.985
183,38.95
184,38.96
186,38.995
187,38.96
188,38.965
189,38.895
191,38.93
192,38.96
193,38.895
196,38.91
197,38.91
199,38.93
205,38.89
209,38.915
211,38.965
213,39.01
214,38.975
219,38.95
220,38.915
221,38.94
227,38.92
229,38.955
230,38.935
231,38.945
232,38.97
234,38.935
235,38.95
238,38.955
242,38.935
243,38.93
244,38.91
245,38.93
247,38.92
249,38.92
250,38.89
251,38.88
253,38.82
256,38.81
259,38.81
260,38.81
262,38.835
263,38.855
266,38.87
267,38.87
269,38.855
271,38.84
277,38.85
278,38.835
282,38.83
283,38.815
284,38.8
288,38.815
292,38.825
293,38.835
300,38.835
303,38.825
304,38.815
305,38.835
306,38.845
308,38.825
310,38.815
313,38.81
318,38.815
321,38.79
322,38.77
323,38.77
324,38.77
325,38.77
326,38.77
327,38.77
330,38.795
331,38.81
332,38.875
336,38.815
338,38.83
339,38.835
340,38.86
341,38.855
343,38.82
345,38.785
346,38.77
347,38.755
348,38.755
349,38.775
350,38.785
351,38.765
353,38.75
354,38.73
355,38.72
356,38.76
358,38.765
359,38.75
360,38.745
361,38.765
362,38.775
364,38.775
365,38.775
366,38.79
367,38.785
368,38.825
371,38.8
373,38.78
377,38.785
378,38.795
380,38.805
383,38.81
385,38.78
387,38.785
388,38.78
389,38.78
390,38.815
391,38.835
392,38.84
393,38.88
394,38.895
395,38.865
396,38.855
397,38.845
398,38.85
399,38.835
400,38.83
401,38.84
402,38.855
403,38.85
404,38.845
405,38.845
406,38.87
408,38.86
409,38.85
410,38.85
411,38.84
412,38.825
413,38.8
414,38.79
415,38.77
417,38.77
418,38.785
419,38.8
420,38.785
421,38.815
422,38.81
423,38.815
424,38.805
425,38.775
426,38.81
427,38.785
429,38.805
432,38.8
433,38.815
434,38.795
436,38.785
438,38.785
440,38.77
441,38.79
442,38.77
444,38.8
445,38.795
447,38.8
448,38.79
449,38.78
450,38.82
451,38.835
452,38.845
453,38.84
454,38.835
455,38.8
457,38.79
458,38.77
459,38.76
460,38.78
461,38.775
462,38.77
463,38.765
464,38.755
465,38.76
466,38.785
468,38.78
469,38.78
470,38.815
471,38.78
473,38.785
474,38.775
475,38.765
476,38.8
479,38.8
480,38.785
481,38.8
482,38.805
483,38.81
484,38.81
485,38.825
486,38.805
487,38.815
489,38.795
490,38.81
491,38.805
492,38.81
493,38.8
494,38.81
495,38.8
496,38.795
497,38.8
498,38.805
499,38.805
500,38.815
501,38.83
502,38.88
503,38.86
504,38.855
505,38.85
506,38.86
507,38.845
508,38.845
509,38.855
a1499929260,38.88
1,38.82
2,38.85
3,38.86
5,38.9
6,38.95
7,38.925
8,38.94
9,38.87
10,38.875
11,38.865
13,38.855
14,38.855
15,38.885
16,38.855
17,38.775
18,38.79
19,38.77
20,38.77
21,38.74
22,38.725
24,38.78
25,38.74
26,38.72
27,38.72
28,38.74
30,38.735
31,38.73
32,38.7
33,38.685
34,38.695
35,38.66
36,38.67
37,38.645
38,38.655
39,38.66
40,38.675
41,38.685
42,38.7
43,38.71
44,38.71
45,38.735
46,38.715
48,38.74
50,38.75
51,38.715
52,38.735
53,38.76
56,38.71
58,38.72
60,38.765
61,38.785
62,38.93
63,38.93
64,38.935
65,38.935
66,38.935
67,38.95
71,39
72,39.015
73,39.02
75,39.03
76,39.02
77,39.03
81,39.015
84,39
85,38.98
86,38.985
89,39.025
91,39.04
92,39.025
93,39.065
96,39.065
97,39.085
100,39.115
101,39.12
102,39.075
104,39.08
105,39.09
106,39.085
107,39.105
111,39.09
112,39.075
113,39.065
115,39.06
116,39.05
117,39.075
120,39.02
121,39.04
123,39.07
124,39.07
130,39.07
132,39.07
133,39.1
134,39.12
135,39.12
137,39.12
138,39.12
139,39.15
140,39.18
141,39.17
143,39.155
144,39.14
147,39.04
148,39.045
150,39.06
151,39.06
152,39.02
154,39.02
156,38.99
158,38.97
161,38.93
162,38.935
167,38.92
168,38.91
170,38.915
171,38.93
177,38.92
179,38.91
181,38.905
184,38.925
185,38.9
188,38.88
189,38.87
190,38.885
191,38.895
194,38.88
199,38.885
200,38.875
202,38.9
203,38.9
204,38.89
208,38.89
209,38.91
211,38.91
214,38.91
215,38.92
216,38.91
217,38.915
218,38.95
219,38.955
220,38.955
221,38.965
222,38.98
223,38.98
227,38.98
229,38.98
230,38.97
233,38.965
234,38.955
237,38.945
239,38.93
242,38.88
243,38.94
244,38.955
245,38.975
246,38.97
247,38.96
249,38.975
250,39.005
253,38.99
254,38.965
255,38.94
256,38.985
257,38.99
258,38.99
259,39.01
260,38.99
263,38.985
264,39.015
267,39.025
268,39.02
269,39.025
270,39.04
272,39.06
273,39.085
275,39.095
276,39.075
277,39.07
279,39.08
281,39.105
283,39.1
286,39.06
289,39.075
292,39.08
294,39.05
295,39.045
296,39.065
297,39.07
298,39.08
300,39.1
302,39.09
303,39.11
304,39.105
305,39.13
306,39.13
307,39.155
308,39.15
309,39.165
310,39.15
311,39.14
313,39.125
315,39.175
316,39.175
317,39.165
319,39.175
320,39.145
321,39.15
322,39.165
327,39.14
328,39.125
329,39.12
331,39.125
338,39.115
340,39.105
341,39.105
342,39.11
345,39.08
348,39.04
349,39.02
350,39.035
353,39.05
354,39.045
355,39.045
356,39.075
357,39.08
368,39.08
369,39.075
370,39.08
372,39.085
373,39.055
374,39.055
375,39.05
376,39.05
377,39.07
381,39.08
383,39.07
384,39.08
387,39.09
389,39.095
390,39.105
391,39.115
392,39.13
393,39.155
396,39.15
397,39.115
398,39.125
399,39.14
400,39.15
402,39.13
403,39.13
404,39.12
408,39.145
410,39.15
411,39.165
412,39.165
414,39.15
415,39.15
418,39.165
419,39.235
420,39.245
421,39.24
422,39.215
423,39.22
425,39.23
428,39.2
429,39.2
430,39.215
431,39.22
432,39.185
433,39.225
434,39.2
435,39.17
436,39.17
437,39.2
438,39.185
439,39.14
440,39.11
441,39.095
442,39.1
443,39.095
445,39
447,38.97
448,38.93
449,38.9
450,38.885
451,38.89
452,38.9
453,38.925
454,38.92
455,38.94
456,38.895
458,38.86
459,38.895
460,38.92
461,38.9
462,38.845
463,38.87
464,38.885
465,38.86
466,38.85
467,38.875
468,38.91
469,38.885
471,38.885
472,38.91
473,38.87
474,38.86
476,38.87
477,38.82
478,38.835
479,38.865
480,38.87
481,38.85
482,38.865
483,38.84
484,38.84
485,38.825
486,38.825
487,38.825
489,38.805
490,38.83
491,38.82
492,38.815
493,38.82
494,38.825
495,38.83
496,38.815
497,38.805
498,38.825
499,38.835
500,38.85
502,38.88
503,38.865
504,38.865
505,38.86
506,38.855
507,38.88
508,38.86
509,38.855
a1500015660,38.955
5,38.955
6,38.945
7,38.95
8,38.915
10,38.98
11,39.045
12,39.03
14,39.06
15,39.15
16,39.2
18,39.21
21,39.185
22,39.2
23,39.215
24,39.265
25,39.25
27,39.345
28,39.355
29,39.315
30,39.3
33,39.32
34,39.34
35,39.315
36,39.375
38,39.315
39,39.26
41,39.345
42,39.375
43,39.375
44,39.355
45,39.34
48,39.295
49,39.35
50,39.375
52,39.395
53,39.4
54,39.405
56,39.37
61,39.38
63,39.375
65,39.33
66,39.305
69,39.325
70,39.35
71,39.325
72,39.355
73,39.3
76,39.295
79,39.31
80,39.29
81,39.285
83,39.26
84,39.275
85,39.28
87,39.28
88,39.27
90,39.235
92,39.235
93,39.23
94,39.225
95,39.23
98,39.26
99,39.285
100,39.295
102,39.31
105,39.29
107,39.305
110,39.35
111,39.31
112,39.3
113,39.3
115,39.32
116,39.35
117,39.325
119,39.325
120,39.32
121,39.3
122,39.295
123,39.305
124,39.31
125,39.3
126,39.28
127,39.29
128,39.31
129,39.31
130,39.31
131,39.295
132,39.305
133,39.33
134,39.335
135,39.315
136,39.355
137,39.345
138,39.355
139,39.36
140,39.365
141,39.365
142,39.375
143,39.36
145,39.36
146,39.365
150,39.365
151,39.365
152,39.315
153,39.32
154,39.34
156,39.345
157,39.345
158,39.325
159,39.31
160,39.32
161,39.31
165,39.285
166,39.275
169,39.29
170,39.295
172,39.295
173,39.295
175,39.285
176,39.27
179,39.295
180,39.295
186,39.26
187,39.24
188,39.235
192,39.24
193,39.225
195,39.235
197,39.255
201,39.23
202,39.24
203,39.265
204,39.265
206,39.225
209,39.24
217,39.22
221,39.25
222,39.245
223,39.25
225,39.225
232,39.245
234,39.24
235,39.26
238,39.255
239,39.275
242,39.165
243,39.275
244,39.325
245,39.32
246,39.33
250,39.305
251,39.265
253,39.25
254,39.23
255,39.225
257,39.2
258,39.2
259,39.2
260,39.205
261,39.16
262,39.16
263,39.155
265,39.165
267,39.145
268,39.135
274,39.12
279,39.125
280,39.15
284,39.15
285,39.145
286,39.14
287,39.165
289,39.15
297,39.145
299,39.115
302,39.09
306,39.075
310,39.085
311,39.085
319,39.08
320,39.125
325,39.145
328,39.15
330,39.135
331,39.145
332,39.145
334,39.12
335,39.11
336,39.11
337,39.09
338,39.095
341,39.085
342,39.1
344,39.095
345,39.09
347,39.035
349,39.015
351,38.995
352,39.045
353,39.01
354,39.015
355,39.005
356,39.06
357,39.075
359,39.07
360,39.085
361,39.125
362,39.115
363,39.12
364,39.125
366,39.075
367,39.09
368,39.075
369,39.06
370,39.06
372,39.02
374,39.055
375,39.03
376,39
377,39
378,39.015
379,39.01
381,39.01
382,39.01
383,39.035
387,39.055
390,39.09
391,39.07
392,39.065
393,39.1
394,39.135
395,39.145
396,39.16
397,39.13
398,39.13
399,39.115
403,39.175
404,39.18
405,39.18
406,39.195
407,39.21
408,39.2
409,39.18
410,39.21
411,39.2
414,39.195
415,39.175
417,39.21
419,39.19
420,39.175
422,39.155
423,39.135
424,39.15
425,39.15
426,39.105
430,39.1
431,39.09
432,39.095
437,39.1
438,39.1
440,39.095
441,39.11
442,39.1
443,39.12
444,39.115
448,39.07
449,39.06
451,39.065
453,39.045
455,39.085
456,39.125
457,39.135
458,39.105
460,39.105
461,39.095
462,39.095
463,39.045
464,39.085
466,39.075
469,39.085
471,39.07
473,39.055
474,39.08
475,39.08
476,39.08
477,39.075
478,39.075
480,39.075
481,39.08
482,39.095
483,39.07
484,39.085
485,39.095
486,39.085
487,39.09
488,39.095
489,39.095
490,39.115
491,39.105
493,39.12
494,39.145
495,39.125
496,39.15
499,39.13
500,39.13
501,39.13
502,39.14
503,39.125
504,39.155
505,39.175
506,39.16
507,39.155
508,39.145
509,39.13
a1500274860,39.3
3,39.3
4,39.3
5,39.375
7,39.2
8,39.14
10,39.065
11,39.155
12,39.17
14,39.23
15,39.23
16,39.27
17,39.36
18,39.365
19,39.355
21,39.295
23,39.235
24,39.21
25,39.19
26,39.165
27,39.18
28,39.24
32,39.27
33,39.29
34,39.3
35,39.3
36,39.295
37,39.335
38,39.345
39,39.425
40,39.48
41,39.475
42,39.455
43,39.465
44,39.485
46,39.435
47,39.475
48,39.475
49,39.48
50,39.5
51,39.455
52,39.48
53,39.49
54,39.48
55,39.435
56,39.43
60,39.445
63,39.44
65,39.435
66,39.42
67,39.37
68,39.325
70,39.4
72,39.395
73,39.39
74,39.355
75,39.335
79,39.36
81,39.4
83,39.385
84,39.35
86,39.415
87,39.45
88,39.435
89,39.465
90,39.475
92,39.49
93,39.49
96,39.53
97,39.495
99,39.505
100,39.48
101,39.505
102,39.485
103,39.49
104,39.46
105,39.43
109,39.415
111,39.425
112,39.42
113,39.375
115,39.425
120,39.395
121,39.405
122,39.355
123,39.345
124,39.275
125,39.275
126,39.245
128,39.245
129,39.18
130,39.215
131,39.225
132,39.23
133,39.23
138,39.265
139,39.32
140,39.35
144,39.335
145,39.36
146,39.34
147,39.31
149,39.32
150,39.3
154,39.275
155,39.305
156,39.325
159,39.295
162,39.33
163,39.33
169,39.35
170,39.35
171,39.36
177,39.395
178,39.4
179,39.435
180,39.435
184,39.4
185,39.38
186,39.38
189,39.42
190,39.405
193,39.36
194,39.37
195,39.385
196,39.435
197,39.395
199,39.405
201,39.415
203,39.39
204,39.39
205,39.385
206,39.395
207,39.38
208,39.415
210,39.425
211,39.43
212,39.44
214,39.415
215,39.39
217,39.39
218,39.425
219,39.41
221,39.405
222,39.4
223,39.37
224,39.38
225,39.375
230,39.395
231,39.395
233,39.415
235,39.42
236,39.405
239,39.425
242,39.385
244,39.425
245,39.415
249,39.39
250,39.385
251,39.41
253,39.42
255,39.415
259,39.4
263,39.4
264,39.4
265,39.385
266,39.375
268,39.39
269,39.395
270,39.4
271,39.41
272,39.42
273,39.395
275,39.41
277,39.435
279,39.42
281,39.405
282,39.38
283,39.395
284,39.415
285,39.41
286,39.37
290,39.385
291,39.375
292,39.35
295,39.34
296,39.325
297,39.315
299,39.305
300,39.315
302,39.315
304,39.34
305,39.34
307,39.345
308,39.335
310,39.35
315,39.37
317,39.375
318,39.39
319,39.405
321,39.375
323,39.33
324,39.3
325,39.295
326,39.265
328,39.275
330,39.245
331,39.225
332,39.245
333,39.265
334,39.285
335,39.285
337,39.325
338,39.285
339,39.28
340,39.26
341,39.23
342,39.225
343,39.225
345,39.2
346,39.17
347,39.185
348,39.18
349,39.18
350,39.14
351,39.14
352,39.08
353,39.07
354,39.07
355,39.09
356,39.11
357,39.12
358,39.09
360,39.05
361,39.09
362,39.12
363,39.035
364,39.065
365,39.13
366,39.17
367,39.185
369,39.08
372,39.11
373,39.145
374,39.15
376,39.185
377,39.185
378,39.195
380,39.185
381,39.18
382,39.21
383,39.195
385,39.185
387,39.215
392,39.23
393,39.24
394,39.3
395,39.26
396,39.25
397,39.245
399,39.235
400,39.26
401,39.28
403,39.28
404,39.33
405,39.365
407,39.39
408,39.355
410,39.345
411,39.35
412,39.295
413,39.32
414,39.32
415,39.33
416,39.345
417,39.33
418,39.315
419,39.35
420,39.315
422,39.335
424,39.345
425,39.345
428,39.37
430,39.34
432,39.345
433,39.345
434,39.315
435,39.325
436,39.33
438,39.32
440,39.3
444,39.33
445,39.315
446,39.35
447,39.35
448,39.335
449,39.38
450,39.335
452,39.32
453,39.32
454,39.35
455,39.315
456,39.305
457,39.285
458,39.315
459,39.3
462,39.29
463,39.29
464,39.315
465,39.325
466,39.32
467,39.33
468,39.32
469,39.32
470,39.31
472,39.305
473,39.29
474,39.26
476,39.28
477,39.27
478,39.285
479,39.25
480,39.255
482,39.275
483,39.29
484,39.3
485,39.29
486,39.305
487,39.31
488,39.275
489,39.285
490,39.275
491,39.285
493,39.29
494,39.315
495,39.35
496,39.365
497,39.36
498,39.375
499,39.365
500,39.355
502,39.34
503,39.33
505,39.33
506,39.35
507,39.355
508,39.355
509,39.37
a1500361200,39.24
4,39.2
6,39.26
7,39.305
8,39.255
9,39.275
10,39.245
11,39.25
12,39.22
13,39.26
14,39.265
15,39.29
16,39.31
17,39.34
18,39.34
19,39.33
20,39.4
21,39.355
22,39.405
23,39.395
24,39.405
25,39.385
26,39.32
27,39.295
29,39.295
30,39.23
31,39.22
32,39.255
33,39.245
34,39.23
35,39.21
36,39.165
37,39.185
38,39.23
40,39.26
41,39.26
43,39.235
45,39.195
47,39.175
49,39.18
51,39.215
52,39.205
53,39.185
54,39.215
57,39.185
58,39.215
59,39.225
60,39.235
61,39.23
63,39.175
65,39.165
66,39.14
67,39.07
68,39.11
69,39.145
70,39.14
71,39.155
72,39.155
74,39.16
75,39.15
76,39.16
77,39.165
78,39.145
79,39.155
80,39.165
81,39.17
82,39.175
85,39.2
86,39.205
87,39.205
88,39.19
89,39.17
90,39.155
91,39.17
92,39.135
93,39.14
94,39.13
95,39.11
97,39.07
98,39.16
99,39.15
100,39.15
101,39.13
102,39.145
103,39.16
104,39.16
105,39.16
106,39.165
107,39.17
108,39.155
109,39.145
110,39.155
111,39.15
112,39.11
113,39.1
114,39.105
115,39.07
116,39.025
117,39.04
118,39.03
119,39.005
120,38.995
121,38.955
122,38.995
123,38.965
124,38.935
125,38.97
126,38.99
127,38.975
128,39.005
129,39.035
132,39.01
133,38.995
134,38.98
136,38.99
137,38.965
138,38.95
139,38.945
140,38.925
141,38.925
142,38.92
143,38.905
144,38.88
145,38.88
146,38.87
147,38.885
149,38.81
150,38.805
151,38.78
152,38.79
153,38.825
154,38.815
155,38.8
156,38.785
157,38.75
158,38.715
159,38.685
160,38.665
161,38.67
162,38.67
163,38.645
164,38.645
165,38.6
166,38.55
167,38.545
168,38.565
169,38.58
170,38.55
171,38.53
172,38.52
173,38.545
174,38.535
175,38.55
176,38.56
177,38.55
180,38.535
181,38.515
182,38.52
183,38.51
184,38.51
185,38.53
186,38.555
187,38.56
188,38.55
189,38.53
190,38.525
191,38.525
192,38.53
194,38.52
196,38.525
197,38.525
198,38.515
199,38.495
200,38.475
201,38.46
202,38.465
203,38.505
204,38.48
205,38.505
206,38.485
207,38.5
208,38.5
209,38.505
210,38.515
212,38.5
213,38.48
214,38.47
215,38.47
217,38.46
218,38.47
219,38.46
220,38.435
221,38.415
222,38.405
223,38.4
224,38.395
225,38.405
226,38.435
228,38.44
229,38.465
230,38.485
231,38.48
232,38.49
234,38.51
236,38.495
237,38.48
238,38.475
240,38.505
243,38.51
244,38.565
245,38.595
246,38.6
247,38.585
248,38.625
250,38.625
251,38.61
252,38.57
255,38.57
257,38.555
258,38.545
259,38.565
261,38.58
266,38.565
267,38.57
268,38.55
269,38.51
270,38.515
271,38.535
272,38.51
273,38.47
274,38.505
276,38.515
277,38.53
278,38.515
279,38.56
280,38.57
281,38.565
282,38.56
283,38.56
285,38.555
287,38.565
288,38.55
289,38.54
290,38.5
292,38.53
294,38.505
295,38.5
296,38.48
299,38.48
300,38.515
301,38.52
302,38.56
303,38.55
304,38.535
306,38.515
308,38.505
311,38.515
312,38.47
314,38.44
315,38.47
316,38.45
317,38.455
320,38.465
321,38.47
324,38.47
325,38.465
326,38.475
327,38.47
329,38.465
330,38.44
331,38.435
332,38.455
333,38.48
334,38.445
336,38.455
337,38.48
338,38.465
339,38.47
341,38.475
342,38.455
343,38.4
344,38.425
345,38.445
346,38.42
347,38.395
348,38.405
350,38.38
352,38.345
353,38.37
354,38.37
355,38.345
356,38.28
357,38.25
359,38.22
360,38.21
361,38.2
362,38.215
364,38.23
365,38.265
366,38.245
367,38.24
368,38.225
369,38.24
370,38.23
372,38.245
373,38.29
374,38.275
375,38.285
376,38.275
377,38.255
379,38.255
380,38.24
381,38.265
382,38.225
384,38.2
385,38.165
386,38.175
387,38.155
388,38.17
389,38.205
390,38.28
391,38.245
392,38.225
393,38.265
394,38.265
395,38.25
396,38.25
397,38.275
398,38.225
399,38.225
400,38.225
401,38.245
402,38.27
403,38.245
404,38.265
405,38.255
406,38.275
407,38.245
408,38.26
409,38.245
411,38.225
412,38.24
413,38.255
414,38.265
415,38.24
416,38.245
417,38.25
418,38.275
419,38.285
420,38.28
422,38.28
423,38.29
424,38.295
426,38.285
427,38.295
428,38.28
429,38.255
430,38.255
431,38.24
432,38.235
433,38.265
435,38.245
436,38.235
437,38.225
438,38.245
439,38.24
440,38.225
441,38.245
442,38.24
444,38.24
445,38.225
446,38.21
447,38.225
448,38.22
449,38.205
450,38.21
451,38.21
452,38.235
453,38.19
454,38.19
455,38.185
457,38.16
458,38.17
459,38.18
461,38.15
462,38.095
463,38.085
464,38.075
465,38.105
466,38.105
467,38.11
468,38.115
469,38.105
470,38.125
471,38.115
472,38.14
473,38.15
474,38.145
475,38.155
476,38.155
477,38.15
479,38.13
480,38.15
481,38.17
482,38.165
483,38.175
484,38.21
485,38.185
486,38.14
487,38.17
488,38.165
489,38.175
490,38.2
491,38.19
492,38.175
493,38.19
494,38.205
495,38.21
496,38.195
497,38.185
498,38.185
499,38.19
500,38.195
501,38.195
502,38.2
503,38.205
504,38.18
505,38.17
506,38.16
507,38.155
508,38.15
509,38.155
510,38.165
a1500447660,38.38
1,38.37
2,38.38
3,38.34
4,38.36
5,38.405
6,38.34
7,38.33
8,38.41
9,38.36
10,38.39
11,38.415
12,38.425
13,38.405
14,38.41
15,38.43
16,38.49
17,38.495
18,38.6
19,38.665
20,38.48
21,38.475
22,38.615
23,38.66
24,38.58
25,38.5
26,38.545
27,38.555
28,38.635
29,38.62
30,38.5
31,38.45
32,38.36
33,38.405
34,38.47
35,38.5
36,38.41
37,38.39
38,38.385
39,38.38
40,38.41
41,38.45
42,38.475
43,38.44
44,38.38
45,38.395
46,38.37
50,38.36
51,38.38
52,38.355
53,38.35
54,38.355
55,38.36
56,38.355
57,38.355
58,38.37
59,38.37
60,38.375
62,38.36
63,38.365
64,38.37
65,38.345
66,38.32
67,38.31
68,38.31
69,38.24
70,38.23
71,38.235
72,38.23
73,38.22
74,38.22
75,38.255
76,38.23
77,38.24
78,38.315
79,38.365
80,38.395
81,38.265
82,38.16
83,38.12
84,38.06
85,38.03
86,38.01
87,37.99
88,38.02
89,38
90,38.06
91,38.08
92,38.015
93,37.965
94,37.96
95,37.945
96,37.965
97,38.005
98,37.96
99,37.96
100,37.985
102,38.045
103,38.01
104,38.04
105,37.97
106,37.985
107,37.96
108,37.865
109,37.915
110,37.925
111,37.895
114,37.895
115,37.935
116,37.935
117,37.985
118,38
119,38.025
120,38.02
121,38.01
123,38.035
124,38.065
125,38.125
127,38.095
128,38.075
129,38.06
130,38.05
131,38.075
132,38.09
133,38.115
134,38.115
135,38.085
136,38.03
137,38.01
138,38.055
139,38.015
140,38.01
141,38.05
142,38.07
143,38.08
144,38.1
145,38.075
147,38.1
149,38.085
150,38.08
151,38.08
152,38.075
153,38.05
155,38.035
156,38
157,38
158,38.015
159,38.01
160,37.98
161,37.94
162,38
163,38.005
164,38.025
165,38.04
166,38.05
169,38.03
170,38.035
171,38.095
172,38.075
174,38.065
175,38.065
177,38.06
179,38.065
180,38.06
182,38.08
183,38.11
184,38.16
185,38.155
186,38.22
187,38.175
189,38.13
190,38.14
191,38.135
193,38.14
196,38.115
197,38.07
198,38.075
199,38.055
203,38.04
204,38.01
205,38.06
206,38.07
207,38.12
208,38.075
211,38.095
212,38.055
213,38.055
214,38.075
216,38.075
217,38.035
218,38.06
219,38.07
220,38.05
221,38.04
224,38.03
225,38.085
227,38.1
229,38.095
233,38.055
234,38.06
235,38.09
237,38.085
238,38.1
239,38.165
242,38.095
243,38.13
244,38.09
245,38.1
246,38.095
247,38.09
248,38.12
249,38.095
250,38.1
251,38.105
252,38.15
253,38.175
254,38.195
255,38.205
256,38.22
257,38.24
258,38.26
259,38.265
260,38.285
261,38.265
263,38.24
264,38.25
265,38.25
266,38.26
268,38.29
269,38.27
270,38.27
271,38.325
272,38.305
273,38.315
274,38.33
275,38.33
276,38.37
277,38.375
278,38.415
279,38.375
280,38.425
281,38.46
283,38.455
284,38.54
285,38.56
286,38.52
287,38.515
288,38.505
289,38.505
290,38.51
291,38.535
292,38.525
293,38.525
294,38.46
295,38.37
296,38.32
297,38.335
298,38.315
301,38.335
302,38.3
303,38.28
304,38.285
305,38.37
306,38.385
307,38.345
308,38.3
309,38.31
310,38.34
312,38.325
313,38.31
315,38.315
317,38.3
318,38.33
319,38.325
321,38.33
322,38.345
323,38.35
324,38.315
325,38.32
326,38.34
327,38.335
328,38.3
329,38.305
330,38.335
331,38.36
332,38.35
335,38.315
337,38.345
338,38.35
340,38.36
341,38.4
342,38.36
343,38.355
344,38.38
345,38.355
346,38.31
347,38.265
355,38.265
356,38.27
357,38.26
358,38.25
359,38.33
361,38.33
362,38.33
363,38.295
364,38.285
365,38.275
367,38.29
368,38.305
369,38.33
370,38.34
371,38.34
372,38.385
373,38.34
374,38.3
375,38.31
376,38.3
377,38.25
378,38.265
379,38.28
380,38.285
381,38.305
383,38.31
384,38.305
385,38.29
386,38.335
387,38.35
388,38.35
389,38.37
390,38.36
391,38.4
392,38.35
393,38.35
394,38.31
395,38.295
396,38.28
397,38.31
398,38.3
399,38.3
400,38.285
401,38.26
402,38.235
403,38.245
405,38.265
406,38.285
407,38.305
408,38.34
409,38.335
410,38.34
411,38.355
412,38.355
414,38.35
415,38.365
416,38.335
417,38.33
418,38.305
419,38.27
420,38.31
421,38.315
422,38.31
423,38.335
424,38.32
426,38.34
427,38.325
428,38.32
429,38.345
430,38.375
431,38.33
433,38.355
434,38.355
435,38.35
436,38.345
437,38.335
438,38.33
439,38.34
440,38.32
441,38.31
442,38.255
443,38.255
444,38.265
445,38.285
446,38.31
447,38.345
448,38.37
449,38.39
450,38.45
451,38.335
452,38.33
453,38.305
454,38.35
455,38.39
456,38.4
457,38.375
458,38.435
459,38.42
460,38.435
461,38.445
463,38.475
464,38.48
465,38.49
466,38.485
467,38.46
468,38.44
469,38.46
470,38.435
471,38.445
472,38.435
473,38.475
474,38.5
475,38.51
476,38.505
478,38.5
480,38.49
481,38.46
482,38.48
483,38.47
484,38.46
485,38.46
486,38.435
487,38.475
488,38.48
491,38.485
492,38.475
493,38.47
494,38.48
495,38.475
496,38.47
497,38.465
498,38.47
499,38.48
500,38.445
501,38.435
502,38.425
503,38.435
504,38.42
505,38.41
506,38.39
507,38.405
508,38.36
509,38.36
a1500534060,38.41
1,38.45
4,38.445
5,38.495
6,38.52
7,38.385
8,38.39
9,38.365
10,38.46
11,38.395
12,38.42
13,38.43
14,38.47
15,38.41
16,38.455
17,38.48
18,38.495
19,38.47
20,38.425
22,38.45
23,38.515
25,38.54
26,38.43
27,38.41
28,38.425
29,38.44
30,38.465
31,38.45
32,38.505
34,38.525
35,38.55
36,38.61
37,38.65
38,38.57
39,38.51
40,38.585
41,38.575
42,38.6
43,38.57
44,38.595
45,38.54
47,38.59
48,38.595
49,38.59
50,38.595
51,38.54
52,38.535
53,38.57
54,38.615
55,38.605
56,38.57
57,38.57
58,38.555
59,38.585
60,38.615
61,38.66
62,38.695
63,38.72
64,38.74
65,38.695
66,38.68
67,38.645
68,38.615
69,38.59
70,38.59
71,38.575
72,38.54
73,38.515
74,38.49
75,38.485
76,38.495
77,38.47
78,38.465
79,38.47
80,38.475
81,38.47
82,38.52
83,38.515
84,38.55
86,38.585
87,38.575
88,38.535
89,38.535
90,38.56
91,38.575
93,38.545
94,38.525
95,38.585
96,38.6
97,38.55
98,38.52
99,38.515
100,38.52
101,38.51
103,38.54
104,38.51
105,38.49
106,38.485
107,38.47
108,38.48
109,38.5
110,38.515
111,38.535
112,38.545
113,38.52
115,38.545
116,38.56
117,38.55
118,38.5
120,38.535
121,38.53
122,38.49
123,38.455
124,38.48
125,38.46
126,38.485
129,38.49
130,38.485
131,38.5
134,38.495
136,38.485
139,38.5
141,38.51
143,38.51
144,38.515
145,38.5
147,38.505
149,38.5
150,38.51
151,38.49
152,38.49
153,38.475
155,38.505
156,38.515
157,38.495
158,38.5
160,38.515
161,38.515
162,38.5
163,38.48
164,38.475
165,38.485
166,38.475
167,38.53
168,38.51
169,38.515
170,38.5
172,38.515
173,38.535
174,38.535
175,38.505
176,38.485
177,38.485
179,38.455
180,38.47
181,38.485
182,38.48
183,38.495
186,38.53
187,38.545
188,38.555
192,38.59
193,38.59
194,38.59
195,38.59
196,38.595
198,38.57
202,38.585
203,38.595
204,38.59
206,38.6
207,38.605
208,38.565
209,38.57
210,38.585
212,38.575
214,38.59
215,38.56
216,38.575
217,38.585
218,38.6
219,38.6
220,38.62
222,38.61
225,38.615
226,38.59
227,38.6
228,38.605
229,38.62
230,38.655
231,38.63
233,38.6
234,38.615
235,38.615
236,38.585
238,38.58
239,38.58
242,38.575
243,38.58
245,38.6
246,38.6
248,38.6
249,38.63
250,38.62
251,38.66
253,38.675
254,38.68
255,38.705
256,38.705
257,38.7
258,38.695
259,38.69
260,38.685
261,38.67
262,38.65
263,38.635
264,38.64
265,38.635
266,38.66
269,38.615
270,38.655
271,38.63
272,38.635
273,38.61
274,38.615
275,38.615
278,38.605
280,38.62
282,38.63
283,38.63
284,38.635
285,38.645
286,38.625
287,38.615
288,38.615
289,38.645
290,38.61
291,38.545
292,38.575
294,38.595
297,38.605
299,38.61
300,38.615
301,38.615
302,38.6
303,38.6
304,38.615
305,38.62
306,38.6
307,38.605
308,38.605
309,38.62
311,38.635
313,38.625
314,38.635
315,38.62
317,38.62
318,38.63
319,38.655
321,38.63
322,38.635
323,38.62
324,38.62
325,38.62
326,38.625
328,38.645
329,38.61
330,38.685
331,38.625
332,38.645
333,38.66
334,38.665
335,38.645
336,38.59
337,38.565
338,38.59
339,38.62
340,38.635
341,38.61
342,38.6
343,38.595
344,38.62
345,38.61
346,38.62
347,38.63
348,38.56
349,38.555
350,38.595
351,38.585
352,38.6
353,38.62
354,38.64
355,38.625
356,38.68
357,38.705
358,38.73
359,38.755
360,38.765
361,38.82
362,38.805
363,38.87
364,38.87
366,38.85
367,38.86
368,38.865
369,38.87
371,38.915
372,38.94
373,38.96
374,38.945
375,38.93
376,38.925
377,38.945
378,38.955
379,38.985
380,38.975
381,39
382,38.975
384,38.975
385,38.955
386,38.995
387,39.06
388,39.075
389,39.01
390,39
391,39
392,39.015
393,39.015
394,38.995
395,38.92
396,38.955
398,38.9
399,38.955
400,38.95
401,38.955
402,38.905
403,38.895
404,38.87
405,38.86
406,38.865
407,38.85
408,38.865
410,38.84
411,38.825
412,38.81
414,38.805
415,38.82
416,38.83
417,38.845
418,38.89
419,38.865
420,38.84
421,38.835
422,38.85
423,38.885
424,38.89
425,38.885
426,38.9
427,38.89
428,38.86
429,38.835
431,38.845
432,38.86
433,38.86
434,38.885
435,38.895
436,38.875
437,38.84
438,38.825
439,38.8
440,38.795
441,38.765
443,38.785
444,38.755
445,38.665
446,38.625
447,38.6
448,38.59
449,38.595
450,38.62
451,38.59
452,38.57
453,38.525
454,38.55
455,38.455
456,38.505
457,38.41
458,38.41
459,38.43
460,38.45
461,38.48
462,38.51
463,38.55
464,38.585
465,38.555
466,38.525
467,38.545
468,38.55
469,38.555
470,38.58
471,38.575
472,38.595
473,38.62
474,38.62
475,38.59
476,38.575
477,38.57
479,38.55
480,38.565
481,38.55
482,38.55
483,38.565
484,38.58
485,38.615
486,38.61
487,38.605
489,38.6
490,38.59
491,38.615
492,38.645
493,38.655
494,38.675
495,38.685
496,38.76
497,38.74
498,38.725
500,38.72
501,38.735
502,38.74
503,38.71
504,38.715
505,38.64
506,38.645
507,38.615
508,38.645
509,38.65
a1500620460,38.49
1,38.485
2,38.615
3,38.645
4,38.6
6,38.575
8,38.58
9,38.615
10,38.565
11,38.555
12,38.555
13,38.585
14,38.63
15,38.66
17,38.695
18,38.695
19,38.71
20,38.7
21,38.705
22,38.74
23,38.8
25,38.765
27,38.77
29,38.86
30,38.84
31,38.885
32,38.805
33,38.765
34,38.78
35,38.78
36,38.745
37,38.78
38,38.78
39,38.8
40,38.75
42,38.79
43,38.83
44,38.825
45,38.835
46,38.865
47,38.965
48,38.805
49,38.83
50,38.83
51,38.81
52,38.785
53,38.815
54,38.83
56,38.815
58,38.845
59,38.845
60,38.825
61,38.885
63,38.895
64,38.92
65,38.91
66,38.955
68,38.945
69,38.935
70,38.955
71,38.945
72,38.935
73,38.89
74,38.855
75,38.85
79,38.82
82,38.815
84,38.88
85,38.905
86,38.885
87,38.88
91,38.88
92,38.855
96,38.9
97,38.885
98,38.84
101,38.85
103,38.855
104,38.85
105,38.87
106,38.87
108,38.905
109,38.91
110,38.955
111,38.92
114,38.91
115,38.925
116,38.91
117,38.91
121,38.91
122,38.91
123,38.885
124,38.86
126,38.85
129,38.825
130,38.845
131,38.835
133,38.815
134,38.785
135,38.785
136,38.78
137,38.785
140,38.77
141,38.775
142,38.805
144,38.785
145,38.765
146,38.75
147,38.75
149,38.765
150,38.76
151,38.765
152,38.78
153,38.795
155,38.805
156,38.805
157,38.85
160,38.82
163,38.74
165,38.765
166,38.76
170,38.705
171,38.7
172,38.625
173,38.6
175,38.58
176,38.575
179,38.645
181,38.67
182,38.65
183,38.68
184,38.65
186,38.67
188,38.67
190,38.65
192,38.675
193,38.69
195,38.635
196,38.64
197,38.61
198,38.625
199,38.625
200,38.635
202,38.67
203,38.62
204,38.6
205,38.53
206,38.54
207,38.54
208,38.57
209,38.57
210,38.545
211,38.59
212,38.6
215,38.55
216,38.525
217,38.505
218,38.545
219,38.535
221,38.5
224,38.535
225,38.53
227,38.555
228,38.55
229,38.53
230,38.55
231,38.59
233,38.625
234,38.63
235,38.66
236,38.645
238,38.645
242,38.535
243,38.6
244,38.625
245,38.635
246,38.655
247,38.67
248,38.65
250,38.655
251,38.645
252,38.61
255,38.625
256,38.625
257,38.61
259,38.58
260,38.55
261,38.56
262,38.59
263,38.59
266,38.61
267,38.59
268,38.595
270,38.59
271,38.59
272,38.595
275,38.595
278,38.585
279,38.61
280,38.6
284,38.605
285,38.595
286,38.61
287,38.64
288,38.655
289,38.655
290,38.635
292,38.625
295,38.575
296,38.575
297,38.61
298,38.58
299,38.585
300,38.545
304,38.58
306,38.565
307,38.58
309,38.575
311,38.53
312,38.51
313,38.525
316,38.535
318,38.565
320,38.545
321,38.545
323,38.545
325,38.57
326,38.59
328,38.575
330,38.59
332,38.605
334,38.63
335,38.625
336,38.61
337,38.63
338,38.64
340,38.635
342,38.61
343,38.6
344,38.585
345,38.585
346,38.59
347,38.55
348,38.44
349,38.45
350,38.42
351,38.38
352,38.355
353,38.38
354,38.345
355,38.32
356,38.29
358,38.28
359,38.29
360,38.255
361,38.25
362,38.28
363,38.295
364,38.21
365,38.25
367,38.25
369,38.23
370,38.265
371,38.265
372,38.285
373,38.295
374,38.325
375,38.33
376,38.36
377,38.39
378,38.385
379,38.39
380,38.39
382,38.385
383,38.38
384,38.395
385,38.38
386,38.335
387,38.26
388,38.23
389,38.21
390,38.185
391,38.205
392,38.18
393,38.135
394,38.17
395,38.135
396,38.095
397,38.075
398,38.105
399,38.12
400,38.15
401,38.13
403,38.12
404,38.14
405,38.125
406,38.105
407,38.085
408,38.065
409,38.07
410,38.035
411,38
412,37.97
413,38.02
414,38.005
415,37.995
416,37.95
417,37.99
418,38.02
419,37.945
420,37.955
421,37.955
422,37.945
423,37.965
424,37.975
425,37.98
426,37.955
427,37.955
430,37.97
431,38.05
432,38.04
433,38.05
434,38.05
435,38.04
436,38
437,38.03
439,38.04
440,38.055
441,38.05
442,38.06
443,38.075
444,38.05
445,38.015
446,37.99
447,38
449,37.995
450,37.995
451,38.005
452,38.015
453,38.06
454,38.005
455,38.03
456,38.06
457,38.035
458,38.055
459,38.09
460,38.075
461,38.04
463,38.025
464,38.05
465,38.005
466,38.02
467,38.025
468,38.03
469,38.075
470,38.065
471,38.08
472,38.065
473,38.08
474,38.085
475,38.06
476,38.06
477,38.07
478,38.075
479,38.07
480,38.075
481,38.05
482,38.03
483,38.045
484,38.075
485,38.07
486,38.06
487,38.075
488,38.065
489,38.075
490,38.065
491,38.085
492,38.12
493,38.14
494,38.15
495,38.155
496,38.18
497,38.175
498,38.16
499,38.175
500,38.16
501,38.135
502,38.13
503,38.1
504,38.075
505,38.07
507,38.09
508,38.085
509,38.03
a1500879660,37.95
1,37.965
2,38.035
3,38.09
4,38.165
5,38.085
6,38.145
7,38.105
8,38.08
11,38.11
12,38.09
13,38.12
14,38.095
15,38.1
16,38.11
18,38.14
20,38.165
21,38.14
22,38.145
23,38.1
24,38.08
25,38.085
26,38.085
27,38.085
28,38.11
30,38.08
31,38.025
32,38
34,38.005
37,37.99
39,38
40,38.005
41,37.985
42,37.97
43,38
44,37.995
45,37.975
46,37.975
48,38
49,38.015
51,38.02
52,38
53,37.995
55,37.985
56,37.96
60,37.97
61,37.955
62,38.02
63,38.02
64,38.02
65,38.05
66,38.085
67,38.095
68,38.1
69,38.09
73,38.17
74,38.205
75,38.22
76,38.22
77,38.2
80,38.19
81,38.13
82,38.115
83,38.135
85,38.115
88,38.105
90,38.08
91,38.08
93,38.04
94,38.03
96,38.055
97,38.12
98,38.105
101,38.13
102,38.11
103,38.12
104,38.145
105,38.13
106,38.08
107,38.095
110,38.1
111,38.095
116,38.07
117,38.04
119,38.02
120,38.005
123,38.05
124,38.035
125,38.045
126,38.05
127,37.955
130,38.015
132,38.015
133,38.02
134,38.035
135,38.03
139,38.03
140,37.975
141,37.985
142,37.94
143,37.98
144,38
145,37.995
146,38.015
147,38.01
148,38.05
149,38.025
150,38.02
151,38.06
152,38.015
154,38.05
155,38.06
156,38.065
157,38.06
158,38.085
159,38.09
160,38.11
161,38.115
162,38.09
163,38.1
164,38.105
165,38.1
166,38.105
167,38.13
168,38.115
169,38.19
170,38.18
171,38.17
173,38.2
174,38.175
175,38.17
176,38.17
177,38.17
178,38.13
179,38.135
180,38.175
181,38.16
182,38.165
183,38.165
184,38.14
185,38.165
186,38.18
187,38.195
188,38.2
189,38.23
190,38.27
191,38.3
192,38.295
193,38.28
194,38.28
195,38.29
196,38.295
197,38.26
198,38.28
199,38.27
200,38.29
201,38.3
202,38.315
203,38.315
204,38.28
205,38.285
206,38.3
207,38.265
208,38.27
209,38.3
210,38.275
211,38.345
212,38.345
213,38.305
215,38.29
216,38.265
217,38.245
218,38.29
219,38.33
220,38.33
221,38.365
222,38.4
223,38.43
224,38.45
225,38.47
226,38.52
227,38.545
228,38.55
229,38.525
231,38.47
232,38.48
233,38.525
234,38.505
235,38.51
236,38.52
237,38.515
238,38.535
239,38.545
242,38.57
243,38.535
244,38.55
245,38.54
246,38.515
247,38.505
248,38.495
249,38.51
250,38.52
251,38.54
253,38.545
254,38.54
255,38.525
257,38.515
259,38.55
260,38.555
261,38.55
262,38.655
263,38.68
266,38.68
267,38.675
268,38.695
269,38.695
270,38.655
273,38.6
275,38.57
276,38.58
277,38.565
279,38.53
280,38.515
281,38.54
282,38.5
283,38.46
284,38.465
285,38.495
286,38.495
289,38.5
290,38.515
291,38.53
292,38.545
294,38.55
296,38.555
301,38.55
302,38.555
303,38.585
304,38.56
305,38.555
306,38.55
307,38.535
308,38.55
309,38.55
310,38.56
311,38.55
313,38.535
314,38.545
315,38.55
316,38.56
317,38.56
318,38.555
319,38.57
320,38.58
321,38.595
323,38.565
324,38.54
325,38.545
326,38.535
327,38.535
328,38.515
329,38.5
330,38.505
334,38.53
335,38.555
338,38.565
339,38.585
340,38.565
342,38.56
343,38.555
344,38.505
346,38.515
347,38.525
348,38.5
349,38.495
350,38.46
351,38.435
352,38.405
353,38.43
354,38.44
355,38.445
356,38.44
357,38.48
358,38.52
359,38.53
360,38.55
361,38.575
362,38.6
363,38.61
364,38.615
365,38.62
366,38.64
367,38.655
368,38.67
370,38.62
371,38.58
372,38.525
373,38.525
374,38.535
375,38.55
376,38.56
377,38.555
381,38.535
382,38.525
385,38.55
386,38.57
387,38.56
391,38.55
392,38.545
393,38.54
394,38.58
395,38.595
396,38.585
397,38.595
398,38.6
400,38.595
401,38.615
403,38.65
404,38.645
405,38.645
406,38.655
407,38.66
408,38.665
409,38.685
410,38.705
411,38.7
412,38.72
413,38.775
414,38.8
415,38.79
416,38.72
417,38.695
418,38.71
419,38.74
420,38.63
421,38.745
422,38.725
423,38.71
424,38.73
425,38.72
426,38.725
427,38.7
428,38.72
429,38.73
430,38.725
431,38.715
432,38.745
433,38.73
434,38.745
435,38.74
436,38.76
437,38.785
438,38.78
439,38.82
440,38.83
441,38.825
442,38.83
443,38.805
444,38.81
445,38.79
446,38.76
447,38.77
448,38.74
449,38.75
450,38.765
451,38.745
452,38.75
453,38.755
454,38.8
455,38.815
456,38.8
457,38.815
458,38.845
460,38.82
462,38.835
463,38.835
464,38.83
465,38.825
466,38.84
467,38.87
468,38.905
469,38.91
471,38.915
472,38.905
473,38.9
474,38.91
475,38.87
476,38.875
477,38.95
478,38.95
479,38.95
480,38.96
481,38.96
482,38.98
483,38.965
484,38.97
485,38.96
486,38.93
487,38.89
488,38.9
489,38.905
490,38.895
491,38.925
492,38.915
493,38.905
494,38.925
495,38.95
496,38.95
497,38.94
498,38.935
499,38.905
500,38.89
501,38.845
502,38.84
503,38.91
504,38.91
505,38.94
506,38.93
507,38.93
508,38.915
509,38.85
a1500966060,39.31
1,39.505
2,39.425
3,39.42
4,39.405
5,39.425
6,39.415
7,39.45
8,39.56
9,39.55
10,39.485
11,39.62
12,39.645
13,39.65
14,39.65
15,39.505
16,39.52
17,39.45
18,39.41
19,39.435
20,39.405
21,39.37
22,39.39
23,39.35
25,39.35
26,39.25
27,39.17
28,39.04
29,39.07
30,39.125
31,39.125
32,39.16
33,39.105
34,39.095
35,39.11
36,39.045
38,39.09
39,39.07
40,39.125
41,39.085
42,39.1
43,39.095
44,39.12
45,39.075
48,39.08
50,39.06
52,39.075
54,39.055
56,39
57,38.955
58,38.915
59,38.805
60,38.915
62,38.955
65,38.985
66,39
67,39.025
69,39.095
70,39.095
72,39.105
73,39.15
74,39.125
75,39.1
76,39.07
77,39.105
78,39.07
80,39.05
81,39.035
84,39
85,39.035
86,39.05
87,39.05
88,39.05
89,39.055
90,39.055
91,39.05
92,39.055
93,39.085
94,39.07
95,39.09
96,39.065
97,39.05
98,39.06
99,39.045
100,39.02
101,39.025
102,39.025
103,39.025
104,39.055
106,39.035
107,39.035
108,39.06
109,39.04
110,39.035
111,39.045
112,39.05
113,39.035
114,39.05
115,39.055
116,39.045
117,39.055
118,39.05
119,39.045
120,39.04
121,39.04
122,39.035
123,38.965
124,38.91
125,38.945
126,38.94
127,38.955
129,38.97
130,38.985
132,38.945
133,38.915
134,38.835
135,38.8
136,38.89
137,38.89
138,38.81
139,38.76
141,38.825
142,38.755
143,38.74
144,38.755
146,38.735
147,38.69
149,38.64
150,38.57
151,38.545
152,38.575
153,38.59
154,38.595
156,38.6
158,38.55
159,38.52
161,38.49
163,38.515
164,38.5
165,38.445
166,38.47
167,38.46
168,38.435
169,38.44
170,38.465
171,38.48
172,38.515
173,38.525
174,38.465
176,38.43
177,38.45
178,38.425
179,38.385
180,38.385
181,38.4
182,38.385
183,38.38
184,38.415
189,38.39
190,38.39
191,38.335
192,38.275
193,38.245
194,38.22
195,38.2
196,38.185
199,38.195
200,38.225
201,38.215
202,38.145
203,38.11
205,38.18
207,38.175
208,38.15
209,38.09
210,38.065
211,38.14
212,38.165
213,38.11
215,38.11
216,38.1
217,38.13
218,38.13
220,38.15
221,38.175
223,38.165
224,38.2
227,38.165
228,38.15
229,38.15
230,38.155
231,38.15
232,38.2
233,38.2
234,38.25
235,38.265
236,38.305
237,38.3
238,38.365
239,38.33
242,38.405
243,38.4
244,38.375
245,38.33
246,38.31
247,38.265
248,38.255
249,38.205
250,38.19
252,38.17
253,38.175
255,38.215
256,38.23
259,38.35
260,38.45
262,38.455
263,38.5
265,38.52
266,38.54
267,38.555
268,38.58
270,38.58
271,38.585
272,38.56
273,38.5
274,38.48
276,38.425
277,38.46
281,38.465
282,38.465
283,38.45
284,38.445
285,38.405
286,38.42
287,38.42
290,38.425
291,38.42
293,38.425
294,38.425
295,38.45
296,38.415
297,38.4
300,38.4
305,38.385
307,38.355
308,38.36
309,38.335
310,38.295
312,38.285
313,38.275
314,38.24
315,38.2
317,38.23
318,38.25
319,38.235
320,38.275
321,38.255
323,38.25
327,38.235
328,38.235
329,38.25
330,38.25
331,38.265
332,38.28
333,38.255
334,38.3
336,38.315
337,38.305
338,38.265
339,38.29
340,38.265
343,38.245
344,38.265
346,38.245
347,38.245
349,38.265
350,38.26
351,38.29
352,38.285
353,38.275
354,38.27
355,38.26
356,38.255
357,38.255
359,38.26
360,38.235
361,38.24
362,38.245
363,38.295
364,38.27
366,38.275
368,38.27
369,38.26
370,38.25
371,38.22
372,38.2
373,38.215
375,38.19
376,38.21
378,38.23
379,38.245
382,38.255
384,38.26
385,38.275
386,38.28
387,38.27
388,38.265
389,38.285
390,38.27
391,38.305
392,38.315
393,38.3
394,38.29
395,38.33
396,38.285
397,38.285
398,38.275
399,38.235
400,38.235
401,38.18
402,38.17
403,38.18
404,38.17
405,38.18
406,38.175
407,38.17
408,38.18
409,38.14
410,38.165
411,38.165
412,38.17
413,38.14
414,38.15
415,38.155
416,38.17
417,38.175
418,38.15
419,38.165
420,38.175
421,38.175
422,38.18
423,38.165
424,38.175
425,38.185
426,38.195
427,38.185
428,38.165
429,38.155
430,38.165
432,38.17
433,38.155
434,38.155
435,38.165
436,38.19
437,38.18
438,38.205
439,38.2
440,38.185
441,38.18
442,38.21
444,38.19
445,38.185
446,38.19
447,38.18
448,38.17
449,38.16
450,38.13
451,38.1
452,38.09
453,38.085
454,38.11
455,38.12
456,38.12
457,38.13
458,38.11
459,38.11
460,38.11
461,38.075
463,38.075
464,38.08
465,38.105
466,38.13
467,38.205
468,38.17
469,38.205
470,38.2
471,38.19
472,38.18
474,38.18
475,38.175
476,38.175
478,38.19
479,38.22
480,38.28
481,38.28
482,38.335
483,38.28
484,38.215
485,38.28
486,38.315
487,38.265
488,38.25
489,38.21
490,38.18
491,38.215
492,38.19
493,38.175
494,38.145
495,38.11
496,38.07
497,38.04
498,38.07
499,38.11
500,38.11
501,38.08
502,38.09
503,38.045
504,38.045
505,38.015
506,37.99
507,37.99
508,38
509,37.975
a1501052460,38.02
1,38.11
2,37.95
3,37.885
4,37.825
5,37.88
6,37.945
7,37.85
8,37.675
9,37.68
10,37.695
11,37.63
13,37.65
14,37.735
15,37.855
18,37.74
19,37.68
20,37.735
22,37.74
23,37.77
24,37.71
25,37.725
26,37.705
28,37.795
29,37.835
30,37.8
31,37.72
32,37.705
34,37.745
35,37.76
36,37.66
37,37.64
38,37.62
39,37.64
40,37.66
41,37.72
42,37.78
43,37.77
44,37.87
47,37.895
48,37.83
49,37.92
50,37.85
51,37.85
53,37.785
54,37.83
55,37.845
56,37.85
57,37.885
58,37.93
59,37.93
60,37.875
61,37.9
62,37.905
64,37.885
65,37.885
66,37.895
67,37.89
68,37.85
69,37.895
70,37.87
71,37.87
72,37.91
73,37.925
74,37.94
75,38
78,38.09
79,38.07
80,38
81,37.97
82,38.025
83,38.02
84,37.92
85,37.94
86,37.91
87,37.92
89,37.985
90,38.025
91,38.13
92,38.125
93,38.095
97,38.095
98,38.115
99,38.13
101,38.095
103,38.085
104,38.085
105,38.07
106,38.11
107,38.24
108,38.235
109,38.26
111,38.3
112,38.295
113,38.285
114,38.27
115,38.3
116,38.28
117,38.27
118,38.27
119,38.265
120,38.255
121,38.215
122,38.355
123,38.35
124,38.345
125,38.33
126,38.35
127,38.375
128,38.475
129,38.535
130,38.585
131,38.595
132,38.54
134,38.52
135,38.52
136,38.55
138,38.535
139,38.54
140,38.55
141,38.575
142,38.6
143,38.655
144,38.68
145,38.76
146,38.76
147,38.74
148,38.75
149,38.75
150,38.73
151,38.71
152,38.73
153,38.75
154,38.74
156,38.715
157,38.705
158,38.715
159,38.735
160,38.75
161,38.71
162,38.695
163,38.685
164,38.63
165,38.58
167,38.545
168,38.525
169,38.525
170,38.525
171,38.515
172,38.53
173,38.545
174,38.525
175,38.53
176,38.545
177,38.53
178,38.555
179,38.555
180,38.525
181,38.525
182,38.535
184,38.545
185,38.48
186,38.525
187,38.55
188,38.57
189,38.585
190,38.565
191,38.575
192,38.585
193,38.48
194,38.48
195,38.48
196,38.48
198,38.46
200,38.475
201,38.495
202,38.495
203,38.505
204,38.505
205,38.49
206,38.505
207,38.525
208,38.565
209,38.6
210,38.56
211,38.585
212,38.59
213,38.545
214,38.54
215,38.565
216,38.59
217,38.595
218,38.585
219,38.6
220,38.605
221,38.635
222,38.62
223,38.635
225,38.64
226,38.65
227,38.69
228,38.695
229,38.735
230,38.73
231,38.75
232,38.745
233,38.725
234,38.72
235,38.715
236,38.71
237,38.725
238,38.71
239,38.745
242,38.715
243,38.655
244,38.695
245,38.72
246,38.72
247,38.69
249,38.72
250,38.72
251,38.785
252,38.8
253,38.855
254,38.95
255,38.95
256,38.96
257,38.99
258,38.995
259,38.98
260,38.94
261,38.96
262,39
263,38.99
264,38.975
265,38.99
266,38.995
267,38.975
268,38.975
269,38.96
270,38.955
271,38.96
272,38.945
273,38.985
274,38.955
275,38.94
276,38.945
277,38.925
278,38.885
279,38.9
280,38.84
281,38.88
282,38.86
283,38.87
284,38.865
285,38.86
286,38.865
287,38.875
288,38.84
291,38.845
292,38.86
293,38.85
295,38.85
296,38.875
298,38.915
299,38.935
301,38.96
302,38.94
303,38.94
305,38.895
306,38.91
307,38.905
309,38.87
310,38.88
311,38.885
312,38.895
313,38.895
314,38.9
315,38.91
316,38.945
317,38.975
318,39
319,39
320,38.99
321,38.97
322,38.995
323,38.96
324,38.965
325,38.975
326,38.99
327,38.975
328,38.97
329,38.955
330,38.96
331,38.93
332,38.935
333,38.94
334,38.885
335,38.88
336,38.91
337,38.895
340,38.89
341,38.87
342,38.885
343,38.9
344,38.925
345,38.93
346,38.935
347,38.935
348,38.95
349,38.975
350,39
351,38.965
352,38.94
353,38.95
354,38.975
355,38.97
356,38.96
357,38.98
358,38.98
359,38.98
360,38.995
361,39.005
362,39.025
363,39
364,38.99
365,39
366,39.03
367,39.005
369,39.005
370,39.03
371,39.025
372,39.015
375,39.005
376,38.99
377,38.99
378,38.99
379,39.02
380,39.03
381,39.025
382,39.03
383,39.04
384,39.05
385,39.13
386,39.15
387,39.145
388,39.18
389,39.13
390,39.115
391,39.09
392,39.075
393,39.04
394,38.98
395,38.98
396,38.98
397,38.97
398,38.975
399,38.98
400,38.965
401,38.955
402,38.975
403,38.965
404,38.95
405,38.975
406,38.97
407,38.945
408,38.95
409,38.94
410,38.93
411,38.885
412,38.875
413,38.85
414,38.8
415,38.77
416,38.84
417,38.85
418,38.845
419,38.835
420,38.845
421,38.9
422,38.95
423,38.995
424,39.03
425,39.015
426,38.985
427,38.99
428,38.96
429,39.015
430,39.02
431,39.045
432,39.02
433,39.04
434,39.055
435,39.04
436,39.07
437,39.08
438,39.1
439,39.09
440,39.085
441,39.08
442,39.07
443,39.17
444,39.21
446,39.21
447,39.255
448,39.32
449,39.295
450,39.28
451,39.21
452,39.21
453,39.23
454,39.18
455,39.165
457,39.13
458,39.045
459,39.06
460,39.075
461,39.08
462,39.04
463,39.03
464,39.04
465,39.01
466,39.02
467,39.005
468,39.055
469,39.075
470,39.095
471,39.085
472,39.08
473,39.065
474,39.1
475,39.08
476,39.075
477,39.1
478,39.1
479,39.1
480,39.1
481,39.095
482,39.085
483,39.08
484,39.045
485,39.02
486,38.985
487,39.015
488,39.04
490,39.005
491,39.02
492,39.04
493,39.1
494,39.095
495,39.1
496,39.11
497,39.115
498,39.2
499,39.265
500,39.22
501,39.095
502,39.05
503,38.98
504,39.03
505,39.015
506,39.035
507,39.03
508,39.075
509,39.1
a1501138860,39.2
1,39.2
2,39.1
3,39.13
4,38.95
5,38.83
6,38.655
7,38.65
8,38.31
9,38.4
10,38.13
11,38.21
12,38.305
13,38.34
14,38.19
15,37.8
16,38.07
19,37.5
20,37.46
21,38.065
22,37.69
23,37.62
24,37.63
25,37.885
26,37.87
27,37.66
28,37.75
29,37.72
30,37.67
31,37.905
32,37.925
33,37.79
34,37.9
35,37.64
36,38.045
37,37.61
38,37.715
39,37.58
40,37.605
41,37.79
42,37.74
43,37.775
44,37.845
45,37.845
46,37.77
47,37.8
48,37.76
49,37.79
50,37.66
51,37.7
52,37.765
53,37.895
54,38
55,37.96
56,37.82
57,37.93
58,38.07
59,37.805
60,38.015
61,37.875
62,37.94
63,37.915
64,37.81
65,37.9
66,37.925
67,37.955
68,37.87
69,37.95
70,37.905
71,37.89
72,37.855
73,37.915
74,37.955
75,37.965
76,37.92
77,37.9
78,37.905
79,37.87
80,37.905
81,37.905
82,37.875
83,37.86
84,37.8
85,37.81
86,37.68
87,37.89
88,37.71
89,37.855
90,37.855
91,37.745
92,37.835
93,37.855
94,37.85
95,37.935
96,37.73
97,37.865
98,37.825
99,37.88
100,37.865
101,37.87
102,37.9
103,37.905
104,37.88
105,37.875
106,37.885
107,37.89
108,37.9
109,37.9
110,37.895
111,37.905
112,37.915
113,37.92
114,37.945
115,37.89
116,37.875
117,37.725
118,37.605
119,37.705
120,37.655
121,37.545
122,37.595
123,37.595
124,37.58
125,37.575
126,37.5
127,37.48
128,37.375
129,37.385
130,37.46
131,37.42
132,37.475
133,37.47
134,37.485
135,37.46
137,37.495
138,37.505
139,37.51
140,37.595
141,37.605
142,37.59
143,37.625
144,37.51
145,37.475
146,37.425
147,37.495
149,37.57
150,37.665
151,37.7
152,37.58
153,37.615
154,37.59
155,37.6
156,37.62
157,37.63
158,37.635
159,37.65
160,37.745
161,37.765
162,37.765
163,37.725
165,37.725
166,37.68
167,37.78
168,37.7
169,37.71
170,37.68
171,37.655
172,37.57
173,37.55
174,37.615
175,37.645
176,37.655
177,37.72
178,37.615
179,37.6
180,37.625
181,37.555
182,37.56
183,37.635
184,37.655
185,37.59
186,37.62
187,37.64
189,37.695
190,37.775
191,37.81
193,37.76
194,37.795
195,37.765
196,37.775
197,37.76
198,37.76
199,37.795
200,37.775
201,37.785
202,37.76
203,37.82
204,37.835
205,37.81
207,37.885
208,37.895
209,37.975
210,37.91
211,37.955
212,37.915
213,37.885
215,37.885
216,37.87
217,37.875
218,37.89
219,37.885
220,37.865
221,37.925
222,37.91
223,37.9
224,37.93
225,37.915
226,37.9
227,37.905
228,37.91
229,37.905
230,37.85
231,37.785
232,37.82
233,37.74
234,37.725
235,37.72
236,37.75
237,37.72
238,37.72
239,37.655
242,37.63
243,37.66
244,37.65
245,37.645
246,37.665
247,37.64
248,37.585
249,37.575
250,37.595
251,37.55
252,37.51
253,37.49
254,37.495
255,37.48
256,37.475
257,37.41
258,37.405
259,37.34
260,37.335
261,37.39
262,37.34
263,37.37
264,37.38
265,37.445
266,37.485
267,37.475
268,37.435
269,37.425
270,37.47
272,37.44
273,37.395
274,37.46
275,37.43
276,37.49
277,37.505
278,37.465
279,37.505
280,37.51
281,37.48
282,37.48
283,37.45
284,37.43
285,37.445
286,37.49
287,37.45
288,37.4
289,37.405
290,37.47
291,37.415
292,37.5
293,37.51
294,37.555
295,37.57
297,37.55
298,37.555
299,37.525
300,37.5
301,37.505
302,37.52
303,37.5
304,37.52
305,37.505
306,37.505
307,37.52
308,37.525
310,37.48
311,37.5
312,37.5
314,37.535
315,37.56
316,37.58
317,37.56
318,37.585
319,37.58
320,37.56
321,37.595
323,37.56
324,37.525
325,37.505
326,37.495
327,37.48
328,37.465
330,37.465
331,37.485
332,37.53
333,37.59
334,37.58
335,37.545
336,37.535
337,37.515
338,37.535
339,37.54
340,37.495
341,37.455
342,37.41
343,37.355
344,37.265
345,37.265
346,37.2
347,37.22
348,37.23
349,37.155
350,37.18
351,37.245
352,37.245
353,37.25
354,37.36
355,37.31
356,37.265
357,37.235
358,37.21
359,37.19
360,37.185
361,37.22
362,37.19
364,37.13
365,37.065
366,37.03
367,36.82
368,36.985
369,36.935
370,36.93
371,36.915
372,36.91
373,36.93
374,37.02
375,37.055
376,37.005
377,37.045
378,36.89
379,37.08
380,37.045
381,36.985
382,36.93
383,36.86
384,36.86
385,36.975
386,36.91
388,36.95
389,37
390,37.02
391,36.995
392,36.975
393,36.93
394,36.95
395,36.955
396,36.93
397,36.94
398,36.995
399,37.035
400,37.005
401,37
402,37.025
403,37.04
404,37.055
405,37.05
406,37.095
407,37.09
408,37.09
409,37.09
410,37.09
411,37.05
412,37.015
413,37.03
414,37.06
415,37.055
416,37.085
417,37.105
418,37.055
419,37.11
420,37.175
421,37.185
422,37.205
423,37.215
424,37.19
425,37.185
426,37.28
427,37.27
428,37.23
429,37.29
430,37.395
431,37.35
432,37.32
433,37.255
434,37.235
435,37.19
436,37.195
437,37.215
438,37.19
439,37.19
440,37.175
441,37.19
442,37.19
443,37.2
444,37.205
445,37.23
446,37.245
447,37.225
448,37.23
449,37.24
450,37.205
451,37.24
452,37.245
453,37.24
454,37.185
455,37.15
456,37.15
457,37.155
458,37.245
459,37.245
460,37.255
461,37.23
462,37.24
463,37.19
464,37.19
465,37.15
466,37.135
467,37.145
468,37.12
469,37.13
470,37.145
471,37.165
472,37.18
473,37.175
474,37.15
475,37.13
476,37.13
477,37.15
478,37.155
479,37.14
480,37.125
481,37.11
482,37.16
483,37.125
484,37.145
485,37.125
486,37.085
487,37.08
488,37.11
489,37.09
490,37.105
491,37.14
492,37.155
493,37.19
494,37.165
495,37.2
496,37.17
497,37.15
498,37.15
499,37.185
500,37.175
501,37.155
502,37.155
503,37.155
504,37.155
505,37.11
506,37.08
507,37.075
508,37.115
509,37.09
a1501225260,36.75
1,36.585
2,36.625
3,36.525
4,36.47
5,36.36
6,36.375
7,36.22
8,36.2
9,36.22
10,36.255
11,36.25
12,36.3
13,36.28
14,36.375
15,36.355
16,36.345
17,36.295
18,36.24
19,36.2
20,36.19
21,36.205
22,36.195
23,36.16
24,36.16
25,36.25
26,36.2
27,36.195
28,36.145
29,36.16
30,36.16
31,36.14
32,36.115
33,36.11
34,36.105
35,36.105
36,36.085
37,36.125
38,36.14
39,36.2
40,36.23
41,36.215
43,36.24
44,36.38
45,36.325
46,36.325
47,36.365
48,36.36
49,36.355
50,36.37
51,36.37
52,36.39
53,36.41
54,36.44
55,36.5
56,36.565
57,36.57
58,36.57
59,36.585
60,36.54
61,36.46
62,36.445
63,36.43
64,36.37
65,36.35
66,36.35
67,36.365
68,36.385
69,36.36
72,36.33
73,36.305
76,36.31
78,36.285
79,36.285
80,36.295
81,36.28
83,36.285
84,36.265
85,36.275
87,36.255
88,36.26
90,36.265
91,36.26
92,36.275
93,36.24
94,36.23
95,36.25
96,36.25
97,36.295
98,36.33
99,36.37
100,36.4
101,36.42
102,36.39
103,36.405
104,36.455
105,36.415
107,36.4
108,36.405
109,36.415
111,36.4
112,36.4
114,36.415
115,36.405
116,36.45
117,36.47
118,36.515
119,36.495
120,36.535
121,36.56
122,36.575
123,36.545
124,36.54
126,36.55
127,36.58
128,36.575
129,36.61
130,36.63
131,36.68
132,36.635
133,36.57
134,36.615
135,36.615
137,36.62
138,36.615
139,36.675
140,36.66
141,36.67
142,36.67
143,36.65
144,36.665
145,36.69
146,36.7
147,36.69
148,36.67
149,36.68
150,36.68
151,36.68
152,36.675
153,36.69
154,36.69
155,36.74
157,36.79
158,36.76
159,36.765
160,36.81
161,36.81
162,36.825
163,36.86
164,36.83
165,36.835
166,36.88
167,36.91
168,36.855
169,36.815
170,36.775
171,36.835
172,36.835
173,36.835
174,36.83
175,36.835
176,36.81
177,36.795
178,36.77
179,36.74
180,36.725
181,36.75
182,36.745
183,36.735
184,36.715
185,36.73
186,36.745
187,36.76
188,36.78
189,36.79
190,36.805
191,36.78
192,36.815
194,36.825
195,36.85
196,36.83
197,36.83
198,36.835
199,36.825
200,36.82
201,36.81
203,36.805
204,36.82
205,36.82
206,36.83
207,36.835
208,36.835
209,36.845
210,36.86
211,36.845
214,36.84
215,36.85
216,36.86
217,36.865
218,36.85
220,36.855
221,36.865
222,36.895
223,36.905
225,36.945
226,36.95
227,36.98
228,36.94
229,36.965
230,36.905
231,36.905
232,36.87
233,36.835
234,36.905
235,36.895
236,36.915
237,36.895
238,36.91
239,36.89
242,36.91
243,36.92
244,36.885
245,36.885
246,36.88
247,36.855
248,36.85
249,36.825
252,36.845
253,36.86
254,36.86
255,36.88
256,36.94
257,36.935
258,36.92
259,36.92
260,36.91
261,36.93
262,36.885
263,36.875
264,36.9
266,36.87
267,36.88
268,36.89
271,36.9
272,36.9
274,36.9
275,36.94
276,36.92
277,36.915
279,36.915
280,36.91
284,36.91
285,36.9
286,36.91
289,36.91
290,36.935
291,36.94
292,36.925
293,36.925
295,36.89
296,36.905
297,36.895
298,36.895
299,36.9
301,36.85
302,36.85
303,36.87
304,36.855
305,36.82
308,36.835
309,36.83
310,36.785
311,36.745
312,36.78
313,36.765
314,36.765
315,36.73
316,36.73
317,36.75
318,36.8
319,36.77
321,36.775
323,36.775
324,36.75
325,36.735
326,36.71
327,36.735
328,36.725
329,36.73
330,36.795
333,36.785
334,36.77
335,36.785
336,36.785
337,36.815
338,36.85
339,36.85
340,36.9
341,36.845
342,36.855
343,36.82
344,36.815
345,36.78
347,36.78
348,36.755
349,36.725
351,36.74
352,36.73
353,36.775
354,36.79
355,36.79
356,36.81
357,36.81
358,36.785
359,36.805
360,36.81
361,36.8
362,36.78
363,36.775
364,36.77
365,36.77
366,36.77
367,36.775
368,36.785
369,36.725
370,36.71
371,36.75
372,36.78
373,36.78
374,36.785
377,36.805
378,36.8
379,36.815
381,36.8
382,36.76
383,36.8
384,36.82
385,36.81
386,36.835
387,36.85
388,36.85
389,36.855
390,36.88
391,36.835
392,36.84
393,36.855
394,36.855
395,36.845
396,36.88
397,36.935
398,36.955
400,37.04
401,37.065
402,37.08
403,37.105
404,37.05
405,37.1
406,37.045
407,37.06
408,37.03
409,37.03
410,37.03
411,36.96
412,36.89
413,36.91
414,36.94
415,36.975
416,36.985
417,37.005
418,37.03
419,37.015
420,37.02
421,36.965
422,36.995
423,36.98
424,36.95
425,36.98
426,37.005
427,36.985
428,36.98
429,36.99
430,36.995
431,36.98
432,36.995
433,36.995
434,37.005
435,37.005
436,37.005
437,37.015
438,37
439,36.96
440,37.005
441,37.005
442,36.98
443,36.985
444,36.975
445,36.97
446,37
447,37.015
448,37.02
449,37.055
450,37.085
451,37.15
452,37.115
453,37.075
454,37.02
455,36.995
456,36.975
457,36.97
458,36.895
459,36.875
460,36.89
461,36.87
462,36.885
463,36.895
464,36.85
465,36.785
466,36.825
467,36.77
468,36.83
469,36.81
470,36.82
471,36.78
472,36.77
473,36.76
474,36.775
475,36.73
476,36.72
477,36.74
478,36.73
479,36.715
480,36.725
481,36.77
482,36.78
483,36.79
484,36.79
485,36.8
486,36.775
487,36.78
488,36.735
489,36.785
490,36.79
491,36.9
492,36.93
493,36.94
494,36.985
495,37.02
496,37.03
497,37.035
498,37.035
499,37.055
500,37.025
501,37.045
502,37.025
503,37.075
504,37.075
505,37.145
506,37.18
507,37.2
508,37.21
509,37.11
"
