BEI
"EXCHANGE%3DETR
MARKET_OPEN_MINUTE=540
MARKET_CLOSE_MINUTE=1050
INTERVAL=60
COLUMNS=DATE,OPEN
DATA=
TIMEZONE_OFFSET=120
a1493017380,90.4
1,90.45
2,90.5
3,90.58
4,90.8
5,90.69
6,90.7
7,90.76
8,90.79
9,90.71
10,90.73
11,90.72
12,90.8
13,90.74
14,90.81
15,90.97
16,90.87
17,90.82
18,90.75
19,90.75
20,90.6
21,90.55
22,90.48
23,90.41
24,90.41
25,90.39
26,90.41
27,90.49
28,90.48
29,90.53
30,90.58
31,90.53
32,90.61
34,90.55
35,90.66
36,90.78
37,90.78
38,90.71
39,90.78
40,90.76
41,90.84
42,90.8
43,90.79
44,90.8
45,90.87
46,90.91
47,90.87
48,90.76
49,90.73
50,90.71
52,90.74
53,90.76
54,90.82
55,90.96
56,90.92
57,90.86
58,90.86
59,90.87
60,90.85
61,90.82
62,90.8
63,90.79
64,90.8
65,90.83
66,90.84
68,90.86
69,90.84
70,90.81
71,90.78
72,90.72
73,90.77
74,90.8
75,90.89
76,90.9
77,90.87
79,90.77
80,90.74
81,90.7
82,90.76
83,90.73
84,90.74
85,90.78
86,90.81
87,90.78
88,90.74
89,90.75
90,90.78
91,90.78
92,90.76
93,90.75
95,90.75
96,90.73
97,90.68
98,90.69
99,90.72
100,90.72
101,90.77
102,90.81
103,90.81
104,90.88
105,90.86
106,90.85
107,90.85
108,90.83
109,90.81
110,90.79
111,90.74
112,90.75
113,90.73
114,90.83
115,90.82
116,90.81
117,90.82
118,90.81
119,90.85
120,90.85
121,90.86
122,90.88
123,90.89
124,90.9
125,90.92
126,90.97
127,90.97
128,91.02
129,91.05
130,91.07
131,91.07
132,90.97
133,91
134,91
136,90.99
137,90.98
138,91
139,91
140,90.95
141,90.92
142,90.94
143,90.94
144,90.92
145,90.94
146,90.98
147,90.97
148,90.99
149,90.94
150,90.9
151,90.92
152,90.91
153,90.86
154,90.85
155,90.86
156,90.88
158,90.87
159,90.86
160,90.87
161,90.89
162,90.89
163,90.91
164,90.95
165,90.95
166,90.98
167,91.01
168,91.01
169,91.01
170,91.06
171,91.07
172,91.09
173,91.08
174,91.04
175,91.05
176,91.09
177,91.09
178,91.06
179,91.1
180,91.14
182,91.16
183,91.19
184,91.23
185,91.21
186,91.22
187,91.21
188,91.22
190,91.27
191,91.28
192,91.25
193,91.25
194,91.24
195,91.22
196,91.25
197,91.25
198,91.23
199,91.21
200,91.17
201,91.16
202,91.15
203,91.15
205,91.11
206,91.1
207,91.16
208,91.2
209,91.2
210,91.14
211,91.13
212,91.14
213,91.14
214,91.11
215,91.12
216,91.11
217,91.09
218,91.12
219,91.11
220,91.07
221,91.04
222,91.04
223,91.06
224,91.06
225,91.04
226,91.03
227,91.01
228,91
229,90.98
230,91.02
231,90.99
232,91
233,90.97
234,90.93
235,90.94
236,90.94
237,90.92
240,90.94
241,90.93
242,90.94
243,90.96
244,90.98
245,91.02
246,91
247,90.93
248,90.91
249,90.91
252,90.92
253,90.92
254,90.86
255,90.85
256,90.86
257,90.85
258,90.86
259,90.83
260,90.8
261,90.82
262,90.87
263,90.87
265,90.88
266,90.94
267,90.94
268,90.94
269,90.94
270,90.93
271,90.91
272,90.91
273,90.91
274,90.91
275,90.89
276,90.86
277,90.86
278,90.83
280,90.83
281,90.81
282,90.88
283,90.93
284,90.92
286,90.93
287,90.95
288,90.93
289,90.96
290,90.98
291,90.98
293,90.99
294,90.97
295,91
296,91
297,91
298,91.05
300,90.99
301,91.01
303,90.98
304,90.98
305,90.97
307,90.96
308,90.95
309,90.91
311,90.9
312,90.96
313,90.95
314,90.95
315,90.97
316,90.96
317,90.94
319,90.95
320,90.97
321,90.96
322,90.98
323,91.02
324,90.98
325,91.01
326,90.98
327,90.99
328,90.99
330,90.98
332,91.01
333,91.03
334,91.02
336,91.06
337,91.04
338,91.04
340,91.07
342,91.04
343,91.08
344,91.09
345,91.09
346,91.07
347,91.05
348,91.05
349,91
350,91.02
351,91.03
352,91.01
353,90.94
355,90.93
356,90.95
357,90.98
359,90.98
360,91
361,90.99
362,90.95
363,90.97
364,90.97
365,90.97
368,90.96
369,90.92
370,90.91
371,90.9
372,90.92
373,90.92
374,90.92
375,90.94
376,90.95
377,90.97
378,90.95
379,90.94
381,90.94
382,90.92
383,90.91
384,90.93
385,90.94
386,90.92
387,90.91
388,90.94
389,90.93
390,90.95
391,91.03
392,91.05
393,91.06
394,91.11
395,91.07
396,91.07
397,91.02
398,91.07
399,91.1
400,91.09
401,91.08
402,91.09
403,91.07
404,91.03
405,91
406,91.07
407,91.11
408,91.08
409,91.09
410,91.09
411,91.11
412,91.08
413,91.1
414,91.09
415,91.13
416,91.18
417,91.24
418,91.25
419,91.26
420,91.28
421,91.24
422,91.24
423,91.23
424,91.24
425,91.17
426,91.16
427,91.16
428,91.18
429,91.17
430,91.13
431,91.2
432,91.12
433,91.17
434,91.17
435,91.15
436,91.17
437,91.16
438,91.16
439,91.16
440,91.15
441,91.13
442,91.1
443,91.08
444,91.09
445,91.12
446,91.1
447,91.05
448,91.01
449,90.99
450,90.97
451,90.99
452,91.04
453,91.01
454,90.98
455,90.92
456,90.94
457,91
458,90.98
459,90.99
460,90.97
461,90.96
462,90.95
463,90.95
464,90.93
465,90.95
466,90.97
467,90.99
468,90.98
469,91.01
470,90.97
471,91
472,90.99
473,91.02
474,91.02
475,91.04
476,91.07
477,91.09
478,91.09
479,91.1
480,91.11
481,91.11
482,91.16
483,91.17
484,91.16
485,91.18
486,91.16
487,91.18
488,91.21
489,91.21
490,91.28
491,91.28
492,91.24
493,91.24
494,91.26
495,91.26
496,91.26
497,91.24
498,91.29
499,91.3
500,91.31
501,91.28
502,91.27
503,91.26
504,91.25
505,91.24
506,91.24
507,91.23
a1493103660,91.49
1,91.58
2,91.61
3,91.46
4,91.56
5,91.49
6,91.45
7,91.41
8,91.37
9,91.27
10,91.29
11,91.31
12,91.39
13,91.34
14,91.3
15,91.3
16,91.35
17,91.36
18,91.31
19,91.32
20,91.31
21,91.32
22,91.35
23,91.33
24,91.32
25,91.3
26,91.28
27,91.23
28,91.24
29,91.24
30,91.23
31,91.24
32,91.22
33,91.17
34,91.15
35,91.16
36,91.14
37,91.1
38,91.02
39,91.01
40,90.94
41,90.97
42,91.06
43,91.02
44,91.07
45,91.09
46,91.05
47,91.07
48,91.03
49,91
50,91.06
51,91.07
52,91.08
53,91.08
54,91.03
55,91.07
56,91.08
57,91.04
58,91.06
59,91.05
61,91.03
62,91
63,91.02
65,91.01
66,91
67,91.02
68,90.99
69,90.96
70,90.96
71,91
72,90.96
73,90.92
74,90.91
75,90.96
76,90.98
77,90.95
78,90.93
79,90.93
80,90.9
81,90.92
82,90.92
83,90.9
84,90.91
85,90.93
86,90.92
87,90.86
88,90.88
89,90.89
90,90.84
91,90.85
92,90.9
93,90.88
94,90.89
95,90.88
96,90.93
97,90.96
98,90.95
99,90.95
100,90.89
101,90.86
102,90.81
103,90.78
104,90.77
105,90.8
106,90.78
107,90.76
108,90.82
109,90.86
110,90.87
111,90.89
112,90.93
113,90.99
114,90.97
115,90.98
116,90.99
117,90.96
118,90.98
119,90.98
120,90.99
121,90.98
122,90.97
123,90.98
124,90.97
125,90.98
126,91.01
127,91.04
129,91.04
130,91.05
131,91.03
132,91
133,91.05
134,91.06
135,91.06
136,91.06
137,90.99
139,91.02
140,91.02
141,91
142,90.98
143,90.97
144,90.95
145,90.95
146,90.96
148,90.93
149,90.92
150,90.99
151,90.98
152,90.93
153,90.97
155,90.97
156,90.96
157,90.99
158,90.97
159,90.98
160,90.96
161,90.97
162,91
163,91
164,90.98
165,90.95
166,90.9
167,90.91
168,90.9
169,90.93
170,90.91
171,90.92
172,90.89
173,90.83
174,90.82
175,90.8
176,90.84
178,90.84
179,90.87
180,90.86
181,90.88
183,90.85
184,90.83
185,90.84
186,90.85
187,90.83
188,90.85
189,90.83
190,90.83
191,90.84
192,90.86
194,90.82
195,90.83
196,90.83
198,90.81
199,90.82
200,90.83
201,90.78
202,90.81
203,90.83
204,90.81
206,90.81
209,90.81
210,90.78
211,90.79
212,90.78
213,90.78
214,90.78
216,90.79
217,90.78
220,90.8
221,90.82
222,90.79
225,90.8
227,90.8
228,90.83
229,90.83
230,90.83
231,90.86
233,90.87
234,90.84
236,90.85
237,90.85
238,90.83
239,90.84
242,90.89
243,90.84
244,90.85
245,90.84
246,90.82
247,90.85
248,90.88
250,90.88
251,90.88
252,90.86
255,90.86
256,90.86
257,90.84
259,90.86
260,90.85
261,90.85
262,90.85
263,90.84
265,90.87
267,90.87
268,90.88
269,90.87
270,90.85
271,90.87
273,90.85
274,90.85
275,90.88
276,90.84
277,90.86
278,90.88
280,90.9
281,90.88
282,90.9
283,90.88
285,90.86
286,90.83
287,90.84
288,90.83
289,90.83
290,90.82
293,90.82
295,90.82
297,90.82
298,90.83
299,90.82
300,90.8
302,90.79
303,90.81
304,90.82
305,90.8
306,90.79
307,90.77
308,90.78
309,90.8
310,90.81
312,90.78
313,90.76
314,90.75
315,90.75
316,90.77
317,90.74
318,90.75
319,90.76
320,90.74
321,90.73
322,90.76
324,90.76
326,90.76
327,90.8
328,90.8
329,90.79
330,90.8
331,90.77
333,90.76
334,90.74
335,90.78
336,90.78
337,90.78
338,90.75
339,90.74
340,90.74
341,90.75
342,90.71
343,90.71
344,90.71
345,90.75
346,90.8
348,90.8
349,90.81
350,90.8
351,90.78
353,90.8
354,90.8
356,90.79
358,90.78
359,90.79
360,90.78
362,90.79
363,90.8
364,90.79
365,90.78
366,90.79
368,90.8
370,90.81
371,90.8
374,90.79
375,90.8
376,90.78
377,90.76
378,90.75
379,90.75
380,90.75
381,90.76
382,90.82
383,90.76
384,90.72
385,90.72
386,90.7
388,90.76
389,90.77
390,90.78
391,90.76
392,90.69
393,90.69
394,90.7
396,90.69
397,90.71
398,90.71
399,90.73
400,90.76
401,90.75
402,90.81
403,90.82
404,90.77
406,90.76
407,90.72
409,90.73
410,90.7
411,90.71
412,90.67
413,90.68
414,90.7
415,90.71
417,90.71
418,90.7
419,90.68
420,90.76
421,90.72
422,90.68
423,90.69
424,90.69
425,90.65
427,90.68
428,90.67
429,90.66
430,90.63
431,90.63
432,90.57
433,90.6
434,90.63
435,90.64
436,90.59
437,90.6
438,90.61
439,90.59
440,90.56
441,90.56
442,90.55
443,90.51
444,90.51
445,90.51
446,90.54
447,90.5
448,90.47
449,90.46
450,90.41
451,90.44
452,90.47
453,90.47
454,90.49
455,90.48
456,90.45
457,90.41
458,90.43
459,90.43
460,90.42
461,90.43
462,90.43
463,90.44
464,90.45
465,90.46
466,90.49
467,90.49
468,90.48
469,90.51
470,90.55
471,90.55
472,90.58
473,90.51
474,90.46
475,90.45
476,90.46
477,90.45
478,90.46
479,90.48
480,90.48
481,90.47
482,90.43
483,90.41
484,90.4
485,90.45
486,90.45
487,90.43
488,90.45
489,90.45
490,90.46
491,90.44
492,90.45
493,90.44
494,90.41
495,90.44
496,90.42
497,90.45
498,90.46
499,90.48
500,90.45
501,90.42
502,90.38
503,90.42
504,90.42
505,90.42
506,90.44
507,90.42
508,90.41
509,90.4
a1493190060,90.22
1,90.27
2,90.15
3,90.17
4,90.2
5,90.29
6,90.39
7,90.44
8,90.45
9,90.38
10,90.45
11,90.44
12,90.5
13,90.46
14,90.52
15,90.54
16,90.47
17,90.48
18,90.44
19,90.48
20,90.47
21,90.41
22,90.38
23,90.36
24,90.37
25,90.35
26,90.45
27,90.45
28,90.44
29,90.45
30,90.5
31,90.53
32,90.53
33,90.52
34,90.51
35,90.5
36,90.47
37,90.46
38,90.43
39,90.47
40,90.49
42,90.44
43,90.46
44,90.52
45,90.54
46,90.56
47,90.55
48,90.57
50,90.57
51,90.52
52,90.5
53,90.5
54,90.52
56,90.52
57,90.55
58,90.55
59,90.48
60,90.5
61,90.53
62,90.58
63,90.57
64,90.62
65,90.65
66,90.68
67,90.66
68,90.65
69,90.71
70,90.76
71,90.73
72,90.77
73,90.78
74,90.82
75,90.83
76,90.78
77,90.8
78,90.8
79,90.82
80,90.78
81,90.78
82,90.82
83,90.82
85,90.8
86,90.78
87,90.74
88,90.73
90,90.7
91,90.73
92,90.68
93,90.67
94,90.7
95,90.67
96,90.69
97,90.71
98,90.73
99,90.72
100,90.69
101,90.69
102,90.7
103,90.67
104,90.73
105,90.73
106,90.72
107,90.75
108,90.78
109,90.75
110,90.74
112,90.76
113,90.77
114,90.77
116,90.78
117,90.79
118,90.8
119,90.77
121,90.8
122,90.75
123,90.79
124,90.78
127,90.77
128,90.78
129,90.76
130,90.79
131,90.78
133,90.77
134,90.77
135,90.77
136,90.75
137,90.7
138,90.67
139,90.68
140,90.73
141,90.73
142,90.73
143,90.72
144,90.72
145,90.76
147,90.79
148,90.77
149,90.78
150,90.8
151,90.8
152,90.8
153,90.79
154,90.79
155,90.8
156,90.82
157,90.83
158,90.82
160,90.82
161,90.82
162,90.8
163,90.8
164,90.8
165,90.8
166,90.8
167,90.81
168,90.84
170,90.83
171,90.85
172,90.85
173,90.85
174,90.8
175,90.79
176,90.8
177,90.81
178,90.81
179,90.82
180,90.83
181,90.82
182,90.8
183,90.85
184,90.86
185,90.86
186,90.88
187,90.9
188,90.87
190,90.88
191,90.91
192,90.91
193,90.93
194,90.93
195,90.94
196,90.95
197,90.95
198,90.97
199,90.99
200,90.99
201,91.03
202,91.06
203,91.05
204,91.06
205,91.07
206,91.07
207,91.07
208,91.06
209,91.06
210,91.05
211,91.03
212,91.02
213,91.06
214,91.1
216,91.15
217,91.14
218,91.12
219,91.12
220,91.1
221,91.05
223,91.09
225,91.07
226,91.03
227,91.02
229,91
230,91.04
231,91.04
232,91.04
234,91.04
235,91.05
236,90.99
237,91.04
238,91.06
239,91.06
242,91.07
243,91.16
245,91.15
246,91.16
247,91.17
250,91.16
251,91.14
252,91.13
253,91.14
254,91.14
255,91.15
257,91.16
258,91.15
259,91.13
260,91.13
261,91.1
262,91.12
264,91.09
265,91.12
266,91.12
267,91.1
268,91.09
270,91.09
271,91.1
272,91.09
274,91.1
275,91.1
277,91.1
278,91.11
280,91.08
281,91.08
282,91.09
284,91.08
286,91.08
287,91.06
288,91.04
289,91.04
290,91.03
291,91.03
292,91.03
293,90.98
294,90.96
295,90.96
296,90.94
297,90.95
298,90.95
299,90.99
300,90.99
301,91
302,90.99
303,90.97
304,90.93
305,90.96
306,90.97
307,90.96
308,90.95
309,90.94
310,90.96
311,90.98
312,90.98
313,90.98
314,90.96
315,90.97
316,90.97
317,90.97
318,90.97
319,90.99
320,91
321,90.98
322,90.98
323,90.98
324,90.98
325,90.99
326,91
327,91.03
328,91.04
329,91.02
330,91.04
331,91.09
332,91.1
333,91.12
334,91.17
335,91.19
336,91.17
337,91.13
338,91.12
339,91.13
340,91.11
342,91.09
343,91.1
344,91.1
345,91.12
346,91.1
347,91.12
348,91.13
349,91.14
350,91.2
352,91.21
353,91.21
354,91.2
355,91.23
356,91.22
357,91.23
358,91.21
359,91.19
360,91.22
361,91.23
362,91.25
363,91.25
364,91.3
365,91.26
366,91.25
367,91.3
369,91.32
370,91.31
371,91.26
373,91.24
374,91.24
375,91.22
376,91.22
377,91.23
378,91.25
379,91.23
380,91.23
381,91.24
382,91.21
383,91.18
384,91.18
385,91.15
386,91.14
387,91.12
388,91.16
389,91.16
390,91.16
391,91.15
392,91.14
393,91.09
394,91.05
395,90.99
396,90.95
397,90.95
398,90.98
399,90.97
400,90.98
401,90.96
402,90.94
403,90.95
404,90.97
405,90.92
406,90.93
407,90.92
408,90.89
409,90.9
410,90.86
411,90.85
412,90.85
413,90.84
414,90.88
415,90.9
416,90.94
417,91.01
418,91
419,91.03
420,91.02
421,91.06
422,91.09
423,91.09
424,91.07
425,91.14
426,91.24
427,91.21
428,91.21
429,91.18
430,91.17
431,91.13
432,91.1
433,91.08
434,91.01
435,91.01
436,91.04
437,90.99
438,90.99
439,90.97
440,90.97
442,90.96
443,90.97
444,91
445,91.05
446,91.04
447,91.05
448,91.06
449,91.06
450,91.11
451,91.04
452,91.04
453,91.05
454,91.04
455,91.08
456,91.09
457,91.06
458,91.05
459,91.13
460,91.09
461,91.07
462,91.13
463,91.12
464,91.12
465,91.09
466,91.08
467,91.06
468,91.07
469,91.06
470,91.05
471,91.03
472,91.05
473,91.05
474,91.06
475,91.03
476,91.02
477,91.06
478,91.11
479,91.08
480,91.11
481,91.08
482,91.07
483,91.04
484,91.05
485,91.08
486,91.08
487,91.05
488,91.06
489,91.05
490,91.08
491,91.07
492,91.08
493,91.08
494,91.11
495,91.09
496,91.09
498,91.09
499,91.1
500,91.11
501,91.07
502,91.06
503,91.06
504,91.07
505,91.08
506,91.08
507,91.08
508,91.09
509,91.02
a1493276460,91.3
1,91.37
2,91.35
3,91.25
4,91.24
6,91.08
7,91
8,91
9,91.19
10,91.11
11,91.16
12,91.16
13,91.14
14,91.08
15,91.16
16,91.08
17,91.02
18,91.05
19,91.04
20,91.18
21,91.2
22,91.28
24,91.23
25,91.24
26,91.18
27,91.18
28,91.22
29,91.22
30,91.3
31,91.28
32,91.31
33,91.33
34,91.27
35,91.33
36,91.39
37,91.38
38,91.42
39,91.48
40,91.43
41,91.45
42,91.44
43,91.46
45,91.45
47,91.38
48,91.5
49,91.36
50,91.45
51,91.43
52,91.44
54,91.44
56,91.47
57,91.41
58,91.39
59,91.44
61,91.51
62,91.58
64,91.52
65,91.51
66,91.51
67,91.53
68,91.57
69,91.55
70,91.54
71,91.46
72,91.43
73,91.44
74,91.44
75,91.42
76,91.43
77,91.48
78,91.46
79,91.43
80,91.43
81,91.48
82,91.33
83,91.35
84,91.36
85,91.26
86,91.28
87,91.31
88,91.31
89,91.32
90,91.33
91,91.29
92,91.32
93,91.33
94,91.3
95,91.3
96,91.31
98,91.33
99,91.35
100,91.39
101,91.43
102,91.42
103,91.48
104,91.53
105,91.46
106,91.47
107,91.45
108,91.46
109,91.5
111,91.49
112,91.53
113,91.59
114,91.59
115,91.56
116,91.53
117,91.55
118,91.57
119,91.54
120,91.57
121,91.59
122,91.57
123,91.57
124,91.55
125,91.54
126,91.57
127,91.59
128,91.56
129,91.57
130,91.55
131,91.56
132,91.55
133,91.52
134,91.5
135,91.46
136,91.45
137,91.47
138,91.52
139,91.49
140,91.48
141,91.46
142,91.47
143,91.51
144,91.54
145,91.54
146,91.51
148,91.53
149,91.56
151,91.55
152,91.55
153,91.57
155,91.56
156,91.55
157,91.54
159,91.53
162,91.54
163,91.55
164,91.57
165,91.57
166,91.57
168,91.54
169,91.53
170,91.54
171,91.54
172,91.57
173,91.56
174,91.56
175,91.55
176,91.54
177,91.54
178,91.56
179,91.53
180,91.54
181,91.57
183,91.57
184,91.55
186,91.54
190,91.59
191,91.59
194,91.6
195,91.61
197,91.56
199,91.56
200,91.56
201,91.53
203,91.54
204,91.56
205,91.55
206,91.56
207,91.55
208,91.54
211,91.55
212,91.56
213,91.58
215,91.58
216,91.54
217,91.54
219,91.55
221,91.56
222,91.57
223,91.56
224,91.55
225,91.56
226,91.53
227,91.52
228,91.54
232,91.53
233,91.5
236,91.51
237,91.51
239,91.5
242,91.56
243,91.56
244,91.53
245,91.52
246,91.5
248,91.53
249,91.56
252,91.63
253,91.67
254,91.67
255,91.67
256,91.65
257,91.65
259,91.67
262,91.65
265,91.64
266,91.69
267,91.72
269,91.7
270,91.67
272,91.68
273,91.68
274,91.66
275,91.65
276,91.62
277,91.6
279,91.59
281,91.59
282,91.57
284,91.57
285,91.54
286,91.49
287,91.51
288,91.54
289,91.54
290,91.52
291,91.65
292,91.63
293,91.63
294,91.65
295,91.65
296,91.7
297,91.68
298,91.68
299,91.69
300,91.71
301,91.66
302,91.65
303,91.62
304,91.63
305,91.57
307,91.54
308,91.57
309,91.57
310,91.54
311,91.57
312,91.58
313,91.56
314,91.58
315,91.51
316,91.53
317,91.52
318,91.51
319,91.51
320,91.47
323,91.48
324,91.45
325,91.45
326,91.46
327,91.49
328,91.61
329,91.68
330,91.68
331,91.6
332,91.55
333,91.51
334,91.55
335,91.44
336,91.56
337,91.63
338,91.51
339,91.47
340,91.45
341,91.42
342,91.44
343,91.43
344,91.37
345,91.4
348,91.46
349,91.47
350,91.49
351,91.44
352,91.43
354,91.43
355,91.46
356,91.41
357,91.39
359,91.39
360,91.36
361,91.37
362,91.39
363,91.42
365,91.37
366,91.42
367,91.39
368,91.42
369,91.34
370,91.38
371,91.38
372,91.42
373,91.39
374,91.34
375,91.29
376,91.3
377,91.32
378,91.3
379,91.32
380,91.3
383,91.29
384,91.23
385,91.2
386,91.22
387,91.18
388,91.21
389,91.21
390,91.23
391,91.25
393,91.23
394,91.25
395,91.26
396,91.28
397,91.33
398,91.37
399,91.36
400,91.34
401,91.34
402,91.4
403,91.38
404,91.36
405,91.34
406,91.34
407,91.36
408,91.37
409,91.32
410,91.32
411,91.26
412,91.24
414,91.28
415,91.29
416,91.3
417,91.3
418,91.31
419,91.28
420,91.27
421,91.31
422,91.35
423,91.38
424,91.4
425,91.37
426,91.32
427,91.29
428,91.35
429,91.4
430,91.4
431,91.4
432,91.44
433,91.42
434,91.41
435,91.4
436,91.4
437,91.43
438,91.4
439,91.34
440,91.39
441,91.39
442,91.41
443,91.41
444,91.38
445,91.36
446,91.38
447,91.36
448,91.34
449,91.36
450,91.4
451,91.4
452,91.37
453,91.4
454,91.4
455,91.42
456,91.44
457,91.39
458,91.39
459,91.38
460,91.35
461,91.35
462,91.35
463,91.34
464,91.3
465,91.3
466,91.33
467,91.38
468,91.45
469,91.4
470,91.45
471,91.43
472,91.39
473,91.39
474,91.44
475,91.44
476,91.4
477,91.41
478,91.38
479,91.36
480,91.36
481,91.36
482,91.38
483,91.41
484,91.43
485,91.38
486,91.34
487,91.36
488,91.39
489,91.4
490,91.41
491,91.38
492,91.43
493,91.41
494,91.42
495,91.39
496,91.41
497,91.39
498,91.4
499,91.39
500,91.4
501,91.38
502,91.39
503,91.39
504,91.4
505,91.41
506,91.39
507,91.41
508,91.36
509,91.35
a1493362860,91.25
2,91.59
3,91.55
5,91.37
6,91.38
7,91.33
8,91.39
9,91.45
10,91.56
11,91.57
12,91.59
13,91.54
14,91.53
15,91.47
16,91.48
17,91.5
18,91.51
20,91.46
21,91.52
22,91.51
23,91.47
24,91.5
25,91.5
26,91.51
27,91.47
28,91.51
29,91.52
30,91.55
31,91.55
32,91.55
33,91.6
34,91.6
35,91.57
36,91.5
37,91.46
38,91.5
39,91.52
40,91.49
41,91.46
42,91.5
43,91.5
44,91.53
45,91.55
46,91.52
47,91.56
48,91.53
49,91.57
50,91.59
51,91.57
52,91.58
53,91.61
55,91.61
57,91.63
58,91.65
59,91.64
60,91.62
61,91.64
62,91.57
64,91.56
65,91.53
67,91.6
68,91.61
69,91.56
70,91.55
71,91.5
72,91.52
73,91.52
74,91.46
75,91.48
76,91.48
77,91.46
78,91.44
79,91.45
80,91.45
81,91.44
82,91.45
83,91.49
84,91.5
85,91.48
86,91.37
87,91.4
88,91.44
89,91.45
90,91.49
91,91.47
92,91.41
93,91.36
94,91.36
95,91.4
96,91.39
98,91.41
99,91.43
100,91.41
101,91.45
102,91.42
103,91.47
105,91.53
106,91.51
108,91.5
109,91.46
110,91.44
111,91.46
112,91.45
113,91.45
114,91.51
115,91.51
116,91.52
119,91.54
120,91.5
121,91.46
122,91.45
123,91.46
124,91.46
125,91.44
126,91.44
127,91.42
128,91.4
129,91.37
130,91.38
131,91.35
132,91.34
133,91.35
134,91.39
135,91.37
136,91.36
137,91.34
138,91.34
139,91.35
140,91.35
141,91.32
142,91.31
143,91.35
144,91.28
145,91.3
146,91.28
147,91.29
148,91.3
149,91.27
150,91.28
151,91.23
152,91.23
153,91.23
155,91.13
156,91.14
157,91.15
158,91.23
159,91.22
160,91.23
161,91.21
162,91.24
163,91.22
164,91.3
165,91.31
166,91.28
167,91.2
169,91.24
170,91.27
172,91.22
174,91.22
176,91.2
177,91.18
178,91.17
180,91.18
181,91.16
182,91.13
185,91.08
186,91.07
187,91.06
188,91.04
189,91.08
190,91.1
191,91.08
192,91.1
193,91.08
194,91.08
195,91.1
196,91.1
197,91.1
198,91.12
199,91.09
200,91.08
202,91.12
203,91.15
206,91.18
207,91.21
209,91.23
210,91.2
211,91.19
212,91.2
213,91.21
214,91.15
215,91.17
216,91.18
217,91.18
218,91.19
219,91.18
220,91.18
221,91.19
222,91.21
223,91.21
224,91.23
225,91.21
226,91.2
227,91.2
228,91.22
229,91.21
230,91.21
231,91.17
232,91.15
233,91.15
234,91.16
235,91.19
237,91.19
238,91.19
239,91.22
242,91.2
243,91.17
244,91.18
245,91.13
246,91.12
247,91.13
248,91.12
251,91.14
252,91.14
253,91.1
256,91.09
260,91.15
261,91.14
262,91.12
263,91.13
264,91.14
265,91.15
266,91.17
267,91.19
268,91.18
269,91.18
270,91.18
272,91.2
274,91.19
275,91.18
276,91.17
277,91.16
278,91.14
279,91.13
280,91.17
281,91.14
282,91.13
283,91.17
284,91.18
285,91.2
286,91.25
287,91.22
288,91.2
289,91.21
290,91.2
291,91.19
292,91.2
293,91.24
295,91.23
298,91.18
299,91.2
300,91.21
301,91.19
302,91.21
303,91.22
304,91.25
305,91.24
306,91.25
307,91.23
309,91.27
310,91.22
312,91.21
313,91.26
314,91.22
315,91.23
316,91.21
317,91.25
321,91.24
322,91.23
323,91.23
324,91.22
325,91.21
326,91.19
329,91.25
330,91.23
331,91.19
333,91.15
334,91.19
335,91.19
336,91.18
337,91.16
338,91.17
339,91.18
340,91.18
341,91.21
342,91.21
343,91.19
344,91.19
345,91.2
346,91.2
348,91.2
349,91.26
350,91.27
351,91.2
352,91.24
355,91.21
356,91.21
357,91.18
358,91.21
359,91.22
360,91.24
361,91.25
363,91.25
364,91.29
365,91.29
366,91.29
367,91.29
368,91.27
369,91.23
370,91.24
372,91.26
373,91.26
374,91.26
375,91.29
376,91.27
377,91.32
378,91.32
379,91.35
380,91.41
381,91.41
382,91.46
383,91.48
384,91.48
385,91.45
386,91.43
387,91.4
388,91.43
389,91.44
390,91.44
391,91.38
392,91.43
393,91.43
394,91.45
395,91.44
396,91.44
397,91.44
398,91.42
400,91.45
401,91.42
402,91.44
404,91.44
405,91.43
406,91.42
408,91.4
410,91.42
411,91.41
412,91.43
413,91.45
414,91.5
415,91.52
416,91.48
417,91.45
418,91.44
419,91.44
420,91.45
421,91.46
422,91.45
423,91.49
425,91.47
426,91.52
427,91.55
428,91.52
429,91.51
430,91.52
431,91.52
432,91.53
433,91.57
434,91.58
435,91.59
436,91.59
437,91.6
438,91.63
439,91.63
441,91.61
442,91.6
443,91.61
445,91.59
446,91.59
447,91.58
448,91.5
450,91.48
451,91.49
452,91.51
453,91.53
454,91.54
455,91.53
457,91.56
458,91.52
459,91.51
460,91.49
461,91.46
462,91.44
463,91.4
464,91.44
465,91.44
466,91.41
467,91.38
468,91.38
469,91.4
470,91.39
471,91.39
473,91.39
474,91.42
475,91.42
476,91.42
477,91.41
478,91.41
479,91.37
480,91.38
481,91.4
482,91.36
483,91.36
484,91.32
485,91.29
486,91.28
487,91.31
488,91.27
489,91.25
490,91.26
491,91.26
492,91.21
493,91.26
494,91.24
495,91.25
496,91.27
497,91.26
498,91.26
499,91.28
500,91.27
501,91.29
502,91.31
503,91.32
504,91.33
505,91.32
506,91.34
507,91.32
508,91.29
509,91.29
a1493708460,91.69
1,91.59
2,91.51
3,91.45
5,91.53
6,91.45
7,91.47
8,91.44
9,91.45
10,91.43
11,91.36
12,91.27
13,91.28
14,91.23
15,91.2
16,91.16
17,91.18
18,91.2
19,91.22
20,91.18
21,91.27
22,91.26
23,91.29
24,91.31
25,91.35
26,91.33
27,91.31
28,91.37
29,91.39
30,91.39
31,91.37
32,91.41
33,91.42
34,91.44
35,91.44
36,91.53
37,91.55
38,91.53
39,91.43
40,91.45
41,91.51
42,91.53
43,91.51
44,91.5
45,91.55
46,91.52
47,91.56
48,91.51
49,91.47
50,91.45
51,91.45
52,91.43
53,91.42
54,91.45
55,91.44
57,91.39
58,91.36
59,91.36
60,91.39
61,91.34
62,91.36
63,91.35
64,91.34
65,91.3
66,91.29
67,91.3
68,91.31
69,91.3
70,91.31
71,91.31
72,91.38
73,91.39
74,91.38
75,91.37
76,91.41
77,91.38
78,91.45
79,91.44
80,91.45
81,91.43
82,91.41
83,91.45
84,91.45
85,91.44
86,91.44
87,91.4
89,91.43
90,91.49
91,91.48
92,91.46
93,91.47
94,91.45
96,91.44
97,91.44
98,91.4
99,91.4
100,91.37
101,91.41
104,91.4
106,91.39
108,91.41
109,91.42
110,91.45
111,91.43
112,91.42
113,91.42
114,91.42
115,91.42
116,91.41
117,91.41
118,91.43
119,91.45
120,91.46
121,91.45
122,91.47
123,91.49
124,91.49
125,91.49
126,91.51
127,91.54
128,91.54
129,91.55
130,91.53
131,91.53
132,91.55
134,91.57
135,91.55
136,91.55
137,91.55
138,91.55
139,91.54
140,91.54
141,91.52
142,91.52
143,91.53
144,91.52
145,91.51
146,91.51
147,91.52
148,91.49
150,91.46
151,91.47
153,91.47
154,91.44
156,91.43
158,91.42
159,91.4
160,91.42
161,91.47
162,91.48
163,91.48
165,91.45
169,91.48
170,91.49
171,91.5
172,91.5
173,91.48
174,91.47
176,91.51
177,91.5
178,91.49
179,91.53
180,91.52
181,91.5
183,91.51
185,91.51
186,91.5
189,91.52
190,91.51
191,91.51
192,91.53
193,91.54
195,91.53
197,91.51
198,91.51
200,91.52
202,91.52
203,91.53
205,91.54
208,91.52
210,91.51
211,91.53
213,91.53
214,91.52
216,91.53
218,91.52
219,91.53
221,91.53
222,91.54
223,91.55
224,91.57
227,91.56
228,91.56
230,91.57
232,91.57
234,91.58
235,91.59
236,91.57
239,91.56
242,91.58
243,91.54
244,91.5
245,91.49
246,91.48
247,91.49
248,91.46
249,91.48
250,91.49
251,91.51
255,91.5
256,91.51
257,91.5
258,91.49
259,91.48
261,91.47
263,91.46
265,91.49
267,91.51
269,91.51
271,91.45
272,91.48
274,91.46
275,91.48
277,91.48
278,91.49
279,91.5
281,91.48
284,91.5
285,91.49
286,91.48
288,91.47
289,91.47
290,91.46
291,91.49
293,91.47
294,91.47
296,91.47
297,91.47
298,91.46
300,91.46
301,91.48
303,91.48
305,91.49
306,91.48
307,91.48
308,91.51
309,91.54
310,91.57
311,91.56
312,91.52
313,91.52
314,91.5
315,91.5
316,91.49
317,91.45
318,91.45
319,91.47
321,91.46
322,91.48
323,91.49
324,91.51
326,91.52
328,91.54
329,91.55
330,91.53
331,91.51
332,91.51
334,91.52
335,91.53
336,91.54
337,91.54
338,91.53
339,91.52
340,91.51
341,91.53
343,91.52
344,91.52
345,91.52
347,91.51
348,91.5
349,91.5
350,91.48
351,91.47
353,91.47
354,91.46
355,91.45
356,91.45
360,91.42
361,91.42
363,91.41
365,91.46
366,91.49
367,91.51
368,91.54
369,91.52
370,91.53
371,91.52
372,91.53
373,91.58
374,91.54
375,91.55
376,91.56
377,91.59
378,91.61
379,91.59
381,91.6
382,91.65
383,91.66
384,91.69
385,91.7
386,91.68
387,91.7
388,91.71
389,91.67
390,91.64
391,91.61
392,91.61
393,91.62
394,91.62
395,91.67
396,91.69
397,91.69
398,91.74
399,91.73
400,91.73
401,91.7
402,91.72
403,91.68
404,91.67
405,91.7
406,91.68
407,91.7
408,91.67
409,91.62
410,91.61
411,91.62
412,91.58
413,91.58
414,91.6
415,91.61
416,91.62
417,91.63
418,91.64
419,91.7
420,91.72
421,91.7
422,91.66
423,91.71
424,91.73
425,91.69
426,91.67
427,91.69
428,91.68
429,91.68
430,91.63
431,91.65
432,91.68
433,91.68
434,91.68
435,91.68
436,91.69
437,91.69
438,91.69
439,91.68
440,91.65
441,91.67
442,91.68
443,91.68
444,91.69
445,91.7
446,91.69
447,91.69
448,91.69
449,91.7
450,91.7
451,91.65
452,91.68
453,91.66
454,91.65
456,91.65
457,91.64
458,91.64
459,91.61
460,91.56
461,91.56
462,91.53
463,91.53
464,91.57
465,91.58
466,91.59
467,91.58
468,91.58
469,91.56
470,91.55
471,91.58
472,91.66
473,91.67
474,91.71
475,91.74
476,91.75
477,91.75
478,91.74
479,91.7
480,91.72
481,91.7
482,91.7
483,91.68
484,91.62
485,91.65
486,91.69
487,91.65
488,91.64
489,91.62
490,91.63
491,91.6
492,91.58
493,91.57
494,91.56
495,91.6
496,91.57
497,91.6
498,91.61
499,91.58
500,91.61
501,91.66
502,91.64
503,91.66
504,91.63
505,91.67
506,91.68
507,91.72
508,91.73
509,91.71
a1493794860,91.74
1,92.07
2,92.16
3,92.1
4,91.96
5,92.01
6,92.05
7,92.12
8,92.08
9,92.07
10,92.08
11,92.05
12,92.08
13,92.05
16,91.93
17,91.95
18,92.02
19,91.99
20,92.01
21,92.09
22,92.05
24,92.01
25,92.05
26,92.12
27,92.11
28,92.14
29,92.13
30,92.12
31,92.16
32,92.13
33,92.16
34,92.14
35,92.09
36,92.08
37,92.11
38,92.07
39,92.08
40,92.1
41,92.05
42,92.05
43,92.02
44,92.04
45,92.06
46,92.11
47,92.12
49,92.11
50,92.13
51,92.13
52,92.13
53,92.13
54,92.1
55,92.13
56,92.14
57,92.16
58,92.2
59,92.17
60,92.14
61,92.13
62,92.15
63,92.11
64,92.09
65,92.09
66,92.07
67,92.02
69,92.01
70,92
71,91.96
72,91.96
73,91.97
74,91.95
78,91.97
79,91.96
80,91.99
81,91.98
82,91.97
83,91.97
85,91.95
86,91.97
87,92
88,92
89,92
90,91.87
92,91.8
93,91.73
94,91.69
95,91.64
96,91.62
97,91.6
98,91.67
99,91.65
100,91.68
101,91.74
102,91.74
103,91.76
104,91.7
105,91.68
106,91.66
107,91.67
108,91.64
109,91.65
110,91.63
112,91.58
113,91.59
114,91.6
115,91.61
116,91.63
119,91.68
120,91.64
121,91.68
122,91.65
123,91.64
124,91.64
125,91.64
126,91.66
127,91.71
128,91.69
129,91.69
130,91.71
131,91.68
132,91.7
133,91.74
134,91.72
135,91.76
137,91.78
138,91.75
141,91.74
142,91.72
143,91.75
144,91.78
145,91.77
146,91.77
147,91.78
148,91.76
150,91.75
151,91.75
152,91.73
153,91.74
154,91.74
155,91.75
156,91.77
157,91.76
158,91.74
159,91.75
160,91.74
161,91.73
162,91.73
163,91.71
164,91.73
165,91.73
166,91.71
167,91.72
168,91.72
169,91.75
170,91.78
171,91.81
172,91.81
173,91.81
174,91.76
175,91.74
176,91.79
177,91.82
179,91.81
180,91.83
181,91.82
183,91.78
185,91.78
186,91.78
187,91.78
188,91.76
189,91.76
192,91.77
193,91.81
195,91.81
197,91.8
198,91.78
199,91.77
200,91.76
201,91.77
203,91.81
205,91.79
206,91.79
208,91.79
209,91.8
210,91.8
212,91.79
213,91.78
216,91.82
217,91.83
218,91.83
219,91.88
220,91.86
221,91.86
223,91.81
225,91.85
226,91.89
229,91.89
230,91.89
231,91.87
232,91.87
233,91.86
234,91.88
235,91.9
236,91.88
239,91.91
242,91.9
243,91.88
244,91.88
246,91.87
247,91.89
248,91.9
249,91.87
250,91.88
254,91.9
255,91.91
256,91.91
257,91.91
258,91.88
259,91.87
260,91.88
261,91.87
262,91.86
263,91.9
264,91.9
265,91.86
266,91.86
267,91.85
268,91.86
270,91.87
272,91.88
273,91.9
274,91.9
276,91.87
277,91.86
279,91.85
280,91.84
282,91.88
284,91.89
285,91.91
286,91.93
288,91.96
289,91.95
291,91.98
293,92.01
294,92.02
295,92
299,91.99
300,91.99
301,91.96
303,91.95
304,91.95
305,91.95
306,91.9
307,91.86
308,91.88
309,91.88
310,91.8
311,91.75
312,91.74
313,91.7
314,91.68
315,91.64
316,91.71
317,91.72
319,91.69
320,91.73
321,91.75
322,91.73
323,91.68
324,91.69
325,91.7
328,91.73
330,91.71
331,91.76
332,91.78
333,91.81
334,91.78
335,91.74
337,91.74
338,91.72
339,91.75
340,91.77
342,91.78
343,91.79
344,91.72
345,91.72
346,91.74
347,91.77
348,91.75
349,91.74
351,91.72
353,91.69
354,91.7
355,91.71
356,91.7
357,91.71
358,91.69
359,91.71
360,91.68
362,91.66
363,91.65
364,91.64
365,91.61
366,91.64
367,91.63
368,91.66
369,91.66
370,91.68
373,91.67
374,91.61
375,91.61
376,91.64
377,91.64
380,91.69
381,91.67
382,91.67
383,91.7
384,91.73
385,91.73
387,91.76
388,91.74
389,91.75
390,91.77
391,91.79
392,91.84
393,91.79
394,91.77
395,91.75
396,91.79
397,91.78
398,91.78
399,91.78
400,91.79
402,91.78
403,91.79
405,91.78
406,91.79
407,91.78
408,91.77
409,91.77
411,91.77
412,91.75
413,91.74
414,91.73
415,91.7
416,91.71
419,91.73
420,91.74
421,91.76
422,91.74
423,91.73
424,91.72
425,91.71
426,91.7
427,91.69
428,91.66
429,91.66
430,91.62
432,91.6
433,91.59
434,91.59
435,91.57
436,91.56
437,91.55
438,91.57
439,91.57
440,91.55
441,91.55
442,91.55
443,91.57
444,91.6
445,91.65
446,91.64
447,91.6
448,91.59
449,91.59
450,91.56
451,91.63
452,91.63
453,91.64
454,91.67
455,91.66
456,91.67
457,91.68
458,91.64
459,91.65
460,91.63
461,91.66
462,91.66
463,91.64
464,91.66
465,91.67
466,91.67
467,91.67
468,91.65
469,91.66
470,91.65
471,91.64
472,91.63
473,91.62
474,91.6
476,91.62
477,91.62
478,91.61
479,91.62
480,91.61
481,91.59
482,91.59
483,91.58
484,91.59
485,91.6
486,91.58
487,91.59
488,91.61
489,91.62
490,91.63
491,91.59
492,91.62
493,91.63
494,91.62
495,91.62
496,91.64
497,91.66
498,91.63
499,91.62
500,91.62
501,91.64
502,91.66
503,91.65
504,91.67
505,91.64
506,91.64
507,91.6
508,91.63
509,91.63
a1493881260,92
1,91.96
2,92.03
3,92.16
4,92.18
5,92.15
6,92.17
7,92.09
8,92.23
9,92.1
11,92.12
12,92.12
13,92.1
14,92.06
15,92.03
16,92
18,91.94
19,91.92
20,91.97
21,91.9
22,91.92
23,91.78
24,91.78
25,91.72
26,91.73
28,91.73
29,91.77
30,91.8
31,91.78
32,91.92
34,91.88
35,91.93
36,91.83
37,91.84
38,91.83
39,91.84
40,91.8
41,91.78
42,91.78
43,91.79
44,91.82
45,91.88
46,91.82
47,91.82
48,91.78
49,91.74
50,91.74
51,91.76
52,91.79
53,91.76
54,91.69
55,91.68
56,91.69
57,91.77
58,91.72
59,91.76
60,91.75
61,91.87
62,91.86
63,91.85
64,91.96
65,91.97
66,92.01
67,92.03
68,91.99
69,91.94
71,91.94
72,91.94
73,91.89
76,91.89
77,91.91
78,91.94
79,91.96
80,92
81,92.02
82,92
83,92.02
84,92
85,92.03
86,92.04
87,92.15
88,92.12
89,92.03
91,92.05
92,92.01
95,92.01
96,92
97,91.98
98,91.95
99,91.92
100,91.97
101,91.99
102,91.98
103,91.98
104,92.02
105,92.02
106,92.03
107,92.05
108,92.06
109,92.06
110,92.07
111,92.08
112,92.09
113,92.09
114,92.07
116,92.1
117,92.14
118,92.13
119,92.15
121,92.2
122,92.23
123,92.24
124,92.21
125,92.21
126,92.23
127,92.26
128,92.27
130,92.31
131,92.32
132,92.31
133,92.35
134,92.35
135,92.38
136,92.41
138,92.41
139,92.41
140,92.39
141,92.41
142,92.41
143,92.43
144,92.4
145,92.41
146,92.42
147,92.4
149,92.39
150,92.4
151,92.29
152,92.32
153,92.25
154,92.27
155,92.33
157,92.33
159,92.36
160,92.36
161,92.36
164,92.36
165,92.39
167,92.35
168,92.34
169,92.33
171,92.34
173,92.34
174,92.37
177,92.4
178,92.41
179,92.41
180,92.44
181,92.42
182,92.38
183,92.32
184,92.34
185,92.36
186,92.34
187,92.36
188,92.36
189,92.36
191,92.36
192,92.37
193,92.38
194,92.34
195,92.37
196,92.36
197,92.36
201,92.34
202,92.35
203,92.36
205,92.34
207,92.33
209,92.33
210,92.35
211,92.34
213,92.35
216,92.36
217,92.37
218,92.37
219,92.35
221,92.33
222,92.34
223,92.34
224,92.35
225,92.35
226,92.36
227,92.37
228,92.36
229,92.37
230,92.37
231,92.38
232,92.38
233,92.42
235,92.42
236,92.42
237,92.43
238,92.41
239,92.41
242,92.46
243,92.45
244,92.52
245,92.54
246,92.56
247,92.54
248,92.54
249,92.56
250,92.59
251,92.57
252,92.54
254,92.57
255,92.61
256,92.61
258,92.56
260,92.53
261,92.56
263,92.54
265,92.54
266,92.54
268,92.54
270,92.52
271,92.53
272,92.5
273,92.47
274,92.46
277,92.42
278,92.38
279,92.41
281,92.41
285,92.42
286,92.41
287,92.41
288,92.4
290,92.39
292,92.37
293,92.37
294,92.35
295,92.36
296,92.36
297,92.32
298,92.35
299,92.36
301,92.38
302,92.39
303,92.39
304,92.4
305,92.44
306,92.47
307,92.47
308,92.47
309,92.47
310,92.45
311,92.47
313,92.46
315,92.45
316,92.45
319,92.47
320,92.48
321,92.48
322,92.47
323,92.48
324,92.5
326,92.51
327,92.48
328,92.47
329,92.46
330,92.47
331,92.49
332,92.48
333,92.45
334,92.48
336,92.43
337,92.4
338,92.42
339,92.41
340,92.41
341,92.36
342,92.37
343,92.41
344,92.39
345,92.38
346,92.4
347,92.35
348,92.33
350,92.36
351,92.37
352,92.38
353,92.36
354,92.36
355,92.36
356,92.36
357,92.34
358,92.34
359,92.35
360,92.33
361,92.38
362,92.39
363,92.4
364,92.37
365,92.38
366,92.38
367,92.38
368,92.36
369,92.33
370,92.33
372,92.34
373,92.36
374,92.38
375,92.38
376,92.38
377,92.4
378,92.39
379,92.41
380,92.45
381,92.49
382,92.5
383,92.48
384,92.46
385,92.44
386,92.45
387,92.45
388,92.44
389,92.4
390,92.39
391,92.4
392,92.4
393,92.36
394,92.37
395,92.34
396,92.37
397,92.38
398,92.38
399,92.37
400,92.41
401,92.45
402,92.45
403,92.44
404,92.45
405,92.48
406,92.48
407,92.5
408,92.48
409,92.44
410,92.45
411,92.46
412,92.51
413,92.51
414,92.52
415,92.52
416,92.55
417,92.55
418,92.56
419,92.55
420,92.53
421,92.52
422,92.54
423,92.54
424,92.57
425,92.57
426,92.55
427,92.52
428,92.56
429,92.57
430,92.56
431,92.5
432,92.45
433,92.44
434,92.47
435,92.52
436,92.56
437,92.48
438,92.49
439,92.51
440,92.53
441,92.54
442,92.55
443,92.53
444,92.53
445,92.56
446,92.57
447,92.57
448,92.57
449,92.55
450,92.55
451,92.47
452,92.52
453,92.53
454,92.48
455,92.49
456,92.49
457,92.54
459,92.53
460,92.52
461,92.55
462,92.52
463,92.48
464,92.5
465,92.51
466,92.51
467,92.5
468,92.5
469,92.56
470,92.56
471,92.58
472,92.63
473,92.58
474,92.58
475,92.59
476,92.56
477,92.54
478,92.49
479,92.52
480,92.56
481,92.54
482,92.56
483,92.55
484,92.54
485,92.55
486,92.52
487,92.56
488,92.57
489,92.59
490,92.58
491,92.58
493,92.61
494,92.61
495,92.61
496,92.57
497,92.59
498,92.59
499,92.61
500,92.63
501,92.67
502,92.69
503,92.65
504,92.63
505,92.6
506,92.6
507,92.61
508,92.6
509,92.53
a1493967660,92.36
1,92.54
2,92.79
3,92.67
4,92.61
5,92.64
7,92.75
8,92.72
9,92.67
10,92.7
11,92.65
12,92.66
13,92.66
14,92.66
15,92.63
16,92.64
17,92.66
18,92.75
19,92.75
20,92.72
21,92.72
22,92.79
23,92.76
24,92.75
25,92.8
26,92.81
27,92.82
28,92.78
29,92.85
30,92.91
31,92.84
32,92.78
33,92.81
34,92.79
35,92.82
36,92.86
37,92.88
39,92.87
40,92.85
41,92.87
42,92.88
43,92.86
44,92.82
45,92.81
46,92.79
47,92.73
48,92.72
49,92.74
50,92.78
51,92.78
52,92.8
53,92.76
54,92.74
57,92.78
58,92.78
59,92.78
63,92.86
64,92.84
65,92.89
66,92.89
67,92.9
69,92.91
70,92.88
71,92.9
72,92.88
73,92.81
74,92.82
75,92.81
76,92.81
77,92.79
78,92.72
79,92.74
80,92.75
83,92.77
84,92.77
85,92.72
86,92.72
87,92.67
88,92.65
89,92.73
90,92.71
91,92.69
92,92.69
93,92.69
96,92.75
97,92.74
98,92.74
100,92.79
101,92.79
102,92.8
103,92.79
104,92.82
105,92.81
106,92.85
107,92.87
108,92.88
109,92.92
110,92.91
111,92.92
112,92.88
113,92.85
114,92.88
115,92.86
116,92.82
117,92.84
119,92.83
120,92.83
121,92.83
122,92.83
123,92.8
124,92.78
125,92.8
126,92.78
128,92.77
129,92.76
130,92.77
131,92.79
132,92.8
133,92.8
134,92.8
135,92.79
136,92.83
137,92.84
138,92.84
139,92.84
140,92.83
141,92.81
142,92.83
143,92.84
144,92.82
145,92.85
146,92.85
147,92.84
149,92.83
150,92.84
151,92.82
152,92.79
153,92.83
154,92.82
155,92.83
156,92.8
157,92.82
158,92.8
159,92.79
160,92.79
161,92.78
162,92.77
163,92.79
164,92.82
165,92.82
166,92.81
167,92.81
168,92.79
169,92.81
170,92.83
171,92.82
172,92.83
173,92.87
174,92.89
175,92.92
176,92.93
177,92.95
178,92.91
179,92.9
180,92.9
181,92.91
182,92.92
183,92.95
184,92.93
185,92.95
186,92.96
188,92.93
189,92.93
190,92.94
191,92.92
192,92.92
193,92.91
194,92.89
195,92.89
196,92.87
197,92.88
198,92.86
199,92.86
200,92.86
201,92.89
202,92.87
203,92.88
204,92.85
205,92.84
206,92.85
207,92.86
208,92.87
209,92.85
210,92.9
211,92.89
212,92.85
213,92.86
214,92.87
215,92.87
216,92.86
217,92.88
218,92.88
219,92.88
220,92.89
221,92.91
222,92.9
223,92.89
224,92.9
225,92.9
226,92.91
227,92.91
228,92.91
230,92.91
231,92.91
232,92.92
234,92.92
235,92.92
237,92.93
238,92.93
239,92.95
242,93.03
243,92.92
244,92.94
245,92.99
246,92.98
247,92.98
248,92.96
249,92.97
250,92.96
251,92.97
252,92.96
253,92.96
254,92.95
255,92.98
256,92.98
257,92.97
259,92.99
260,92.97
261,92.96
263,92.97
264,93.01
265,92.98
266,92.98
267,92.98
268,92.97
269,92.95
270,92.97
271,92.98
272,92.98
273,92.98
274,92.96
275,92.97
276,92.94
277,92.95
278,92.97
279,92.94
281,92.94
283,92.93
284,92.96
285,92.98
287,92.97
289,92.98
292,92.98
293,92.99
294,92.98
295,92.97
296,92.98
297,92.98
298,92.95
299,92.95
300,92.99
301,92.99
302,93
303,92.99
304,92.99
305,93.05
306,93.02
307,93.04
309,93.03
310,93.06
312,93.04
313,93.03
315,93.05
317,93.04
318,93.04
319,93.02
320,93.03
321,93.05
322,93.05
323,93.08
324,93.09
325,93.11
326,93.13
327,93.12
328,93.14
329,93.17
330,93.19
331,93.33
332,93.22
333,93.15
334,93.21
335,93.21
336,93.16
337,93.18
338,93.22
339,93.15
340,93.16
341,93.16
342,93.16
343,93.2
344,93.24
345,93.27
346,93.27
347,93.29
348,93.31
349,93.3
352,93.3
354,93.29
355,93.31
356,93.34
357,93.37
358,93.36
359,93.32
360,93.36
361,93.34
362,93.32
363,93.29
364,93.25
366,93.2
367,93.2
368,93.17
369,93.13
370,93.14
371,93.17
372,93.12
373,93.14
374,93.13
375,93.12
377,93.15
378,93.16
380,93.17
381,93.15
382,93.18
384,93.24
385,93.21
386,93.19
387,93.19
389,93.24
390,93.26
391,93.25
392,93.23
393,93.22
394,93.23
395,93.22
396,93.17
397,93.18
398,93.18
399,93.21
400,93.2
401,93.25
402,93.24
403,93.23
404,93.25
405,93.25
407,93.25
408,93.33
409,93.36
410,93.35
411,93.34
412,93.34
413,93.3
414,93.32
415,93.3
416,93.35
417,93.36
418,93.34
419,93.38
420,93.39
422,93.4
423,93.39
424,93.42
425,93.45
426,93.48
427,93.43
428,93.43
429,93.44
430,93.43
431,93.45
432,93.47
433,93.51
434,93.47
435,93.46
436,93.46
437,93.46
438,93.48
439,93.48
440,93.45
442,93.46
443,93.47
444,93.47
445,93.44
446,93.45
447,93.46
448,93.49
449,93.5
450,93.52
451,93.46
452,93.46
453,93.45
454,93.45
455,93.44
456,93.43
457,93.42
458,93.43
459,93.41
460,93.36
461,93.34
462,93.34
463,93.35
464,93.37
465,93.36
466,93.35
467,93.39
468,93.4
469,93.41
470,93.4
471,93.38
472,93.38
473,93.41
474,93.4
475,93.39
476,93.41
477,93.43
478,93.44
479,93.43
480,93.41
481,93.33
482,93.31
483,93.3
484,93.31
485,93.35
486,93.42
487,93.42
488,93.41
489,93.43
490,93.41
491,93.44
493,93.44
494,93.46
495,93.45
496,93.45
497,93.45
498,93.48
499,93.49
500,93.49
501,93.46
502,93.46
503,93.42
504,93.42
505,93.42
506,93.42
507,93.45
508,93.43
509,93.45
a1494226860,93.44
1,93.65
2,93.82
3,93.94
4,93.73
7,93.61
8,93.68
9,93.83
10,93.72
11,93.69
12,93.64
13,93.68
14,93.68
15,93.66
16,93.59
17,93.65
18,93.67
19,93.66
20,93.63
21,93.61
22,93.68
23,93.61
24,93.64
25,93.68
26,93.67
27,93.71
28,93.8
29,93.75
30,93.79
31,93.81
32,93.77
33,93.74
34,93.71
35,93.75
36,93.76
37,93.86
38,93.8
39,93.81
40,93.75
41,93.72
42,93.66
43,93.68
44,93.69
45,93.69
46,93.73
47,93.75
49,93.72
50,93.71
51,93.7
52,93.7
53,93.74
54,93.72
55,93.72
56,93.75
57,93.75
58,93.72
59,93.73
60,93.66
61,93.65
62,93.6
63,93.58
64,93.59
65,93.54
66,93.55
67,93.52
68,93.47
69,93.49
70,93.47
72,93.44
74,93.41
75,93.4
76,93.34
77,93.34
78,93.34
79,93.38
80,93.38
81,93.38
82,93.33
83,93.31
84,93.31
85,93.31
86,93.3
87,93.29
88,93.26
89,93.28
90,93.22
91,93.19
92,93.25
93,93.27
95,93.25
97,93.27
99,93.23
100,93.25
101,93.25
102,93.22
104,93.24
105,93.21
107,93.2
108,93.16
109,93.17
110,93.18
111,93.28
112,93.28
115,93.23
116,93.16
117,93.19
118,93.19
119,93.17
120,93.18
121,93.17
123,93.2
124,93.2
125,93.19
126,93.17
127,93.16
128,93.19
129,93.18
130,93.23
131,93.22
132,93.22
133,93.24
134,93.2
135,93.19
137,93.18
138,93.21
139,93.2
140,93.19
141,93.2
142,93.18
144,93.16
145,93.18
146,93.2
147,93.18
148,93.2
149,93.2
150,93.2
151,93.21
152,93.2
153,93.22
154,93.2
156,93.21
157,93.2
158,93.2
159,93.18
160,93.18
161,93.18
162,93.17
164,93.17
165,93.17
166,93.18
167,93.18
168,93.13
171,93.09
172,93.1
173,93.11
174,93.09
175,93.1
176,93.12
177,93.12
178,93.14
179,93.15
180,93.14
181,93.13
182,93.14
183,93.14
184,93.15
185,93.17
186,93.15
187,93.15
188,93.16
189,93.17
190,93.17
191,93.17
192,93.14
193,93.15
194,93.15
195,93.15
196,93.14
197,93.14
198,93.13
199,93.15
200,93.14
201,93.14
202,93.14
203,93.18
205,93.17
206,93.19
207,93.21
208,93.21
209,93.21
210,93.2
211,93.22
213,93.23
214,93.23
215,93.24
216,93.24
217,93.26
218,93.25
219,93.23
220,93.22
221,93.24
222,93.23
223,93.26
224,93.25
226,93.23
228,93.22
229,93.22
230,93.19
233,93.18
234,93.2
235,93.2
236,93.17
237,93.17
238,93.18
239,93.19
242,93.17
243,93.19
244,93.21
245,93.2
246,93.17
247,93.15
248,93.16
249,93.17
251,93.2
253,93.18
254,93.2
255,93.19
256,93.18
257,93.2
258,93.2
259,93.22
260,93.23
261,93.24
262,93.22
263,93.24
264,93.23
265,93.24
266,93.24
268,93.23
269,93.27
270,93.3
273,93.3
274,93.32
275,93.28
276,93.28
277,93.3
278,93.3
279,93.36
282,93.35
283,93.38
284,93.37
285,93.4
287,93.4
289,93.39
290,93.4
291,93.4
294,93.38
296,93.4
297,93.41
298,93.4
299,93.37
301,93.38
303,93.39
304,93.4
305,93.38
306,93.39
307,93.37
308,93.38
309,93.39
310,93.4
311,93.4
313,93.4
314,93.41
315,93.44
316,93.46
317,93.5
318,93.51
319,93.49
320,93.47
321,93.49
322,93.49
324,93.5
325,93.49
326,93.47
328,93.45
329,93.47
331,93.44
332,93.43
335,93.44
336,93.44
337,93.42
343,93.42
346,93.44
348,93.45
349,93.46
352,93.5
354,93.5
355,93.49
356,93.46
360,93.44
361,93.43
362,93.42
363,93.43
364,93.43
365,93.43
366,93.42
367,93.43
368,93.41
369,93.4
372,93.36
373,93.35
374,93.35
376,93.37
377,93.37
378,93.35
380,93.37
381,93.38
382,93.39
383,93.4
384,93.39
385,93.42
388,93.44
389,93.5
390,93.5
391,93.45
392,93.47
393,93.5
394,93.47
395,93.5
396,93.48
397,93.51
398,93.48
399,93.47
400,93.45
401,93.48
402,93.47
403,93.48
405,93.5
406,93.48
407,93.48
408,93.51
409,93.5
410,93.49
412,93.5
413,93.51
414,93.46
415,93.47
416,93.47
417,93.45
418,93.43
419,93.43
420,93.44
422,93.47
423,93.48
424,93.47
425,93.42
426,93.4
427,93.42
428,93.4
429,93.42
430,93.43
431,93.47
432,93.43
433,93.43
434,93.42
435,93.43
436,93.49
437,93.49
438,93.51
439,93.52
440,93.52
441,93.56
442,93.57
443,93.59
444,93.61
445,93.67
446,93.65
447,93.63
448,93.58
449,93.6
450,93.58
451,93.59
452,93.6
453,93.55
454,93.54
455,93.56
456,93.52
457,93.54
459,93.58
460,93.57
461,93.56
462,93.58
463,93.59
464,93.58
465,93.57
466,93.55
467,93.57
468,93.56
469,93.56
470,93.55
471,93.57
472,93.55
473,93.52
474,93.51
475,93.51
476,93.55
477,93.56
478,93.55
479,93.51
480,93.51
481,93.49
482,93.47
483,93.48
484,93.48
485,93.47
486,93.47
487,93.47
488,93.48
489,93.45
490,93.44
491,93.45
492,93.43
493,93.43
494,93.44
495,93.46
496,93.44
497,93.42
498,93.44
499,93.43
500,93.39
501,93.4
502,93.39
503,93.4
504,93.38
505,93.38
506,93.36
507,93.34
508,93.31
509,93.33
a1494313260,93.4
1,93.45
2,93.4
3,93.58
4,93.5
5,93.63
6,93.46
7,93.43
8,93.52
9,93.45
10,93.47
11,93.47
12,93.53
13,93.56
14,93.61
15,93.61
17,93.56
18,93.49
19,93.36
20,93.36
21,93.37
22,93.43
23,93.5
24,93.44
25,93.52
26,93.51
28,93.49
29,93.56
30,93.55
31,93.56
32,93.56
33,93.53
34,93.51
35,93.51
36,93.54
37,93.58
38,93.61
39,93.58
40,93.55
41,93.57
42,93.56
43,93.55
44,93.55
45,93.57
46,93.56
47,93.56
48,93.57
49,93.55
50,93.56
51,93.57
52,93.57
53,93.6
54,93.62
55,93.63
56,93.64
57,93.66
58,93.66
59,93.71
60,93.71
61,93.68
62,93.66
63,93.63
64,93.62
65,93.62
66,93.56
67,93.57
68,93.54
69,93.56
70,93.53
71,93.49
72,93.52
73,93.52
74,93.49
75,93.55
76,93.53
77,93.44
78,93.48
79,93.46
80,93.41
83,93.45
84,93.43
85,93.46
86,93.45
87,93.47
88,93.46
90,93.43
91,93.43
92,93.5
93,93.5
94,93.52
95,93.49
96,93.44
97,93.45
98,93.49
99,93.51
100,93.46
101,93.48
102,93.48
103,93.48
104,93.5
105,93.5
106,93.5
107,93.5
108,93.51
109,93.5
110,93.5
111,93.49
112,93.46
114,93.45
115,93.45
116,93.46
117,93.45
118,93.41
119,93.41
120,93.42
121,93.45
122,93.46
123,93.45
126,93.53
127,93.52
128,93.54
129,93.55
130,93.54
131,93.5
132,93.52
133,93.54
134,93.56
135,93.54
136,93.51
137,93.53
138,93.56
139,93.55
140,93.57
141,93.58
142,93.59
145,93.59
147,93.61
148,93.62
149,93.64
150,93.65
151,93.62
152,93.62
153,93.6
154,93.61
155,93.59
156,93.6
157,93.57
158,93.6
159,93.61
161,93.62
162,93.58
163,93.57
164,93.57
165,93.57
166,93.58
168,93.6
169,93.58
170,93.6
171,93.63
172,93.66
173,93.62
174,93.62
175,93.63
176,93.65
177,93.66
178,93.64
179,93.65
180,93.69
181,93.67
182,93.66
184,93.65
185,93.63
186,93.61
187,93.61
188,93.62
189,93.62
191,93.61
192,93.58
193,93.59
194,93.58
195,93.61
198,93.61
199,93.59
200,93.59
201,93.57
202,93.55
205,93.61
206,93.63
207,93.63
208,93.6
209,93.58
211,93.58
212,93.59
213,93.58
214,93.62
215,93.63
216,93.66
217,93.67
218,93.69
219,93.75
220,93.76
221,93.78
222,93.81
223,93.8
224,93.76
225,93.75
226,93.75
227,93.76
228,93.8
229,93.81
230,93.78
231,93.82
232,93.82
233,93.87
234,93.86
235,93.87
236,93.91
237,93.87
238,93.84
239,93.84
242,93.9
244,93.83
245,93.82
246,93.84
247,93.85
248,93.87
249,93.9
250,93.89
251,93.9
253,93.88
254,93.85
255,93.85
256,93.83
258,93.81
259,93.82
260,93.83
261,93.82
262,93.82
263,93.84
264,93.82
265,93.86
266,93.86
267,93.86
268,93.87
269,93.86
271,93.86
272,93.88
273,93.85
275,93.84
276,93.82
279,93.85
280,93.83
281,93.82
282,93.83
283,93.83
284,93.86
285,93.85
286,93.85
287,93.85
288,93.84
289,93.85
291,93.86
293,93.85
294,93.85
296,93.86
298,93.84
299,93.83
300,93.85
301,93.84
302,93.87
303,93.84
304,93.84
305,93.82
306,93.82
307,93.82
308,93.81
309,93.79
310,93.76
311,93.76
312,93.78
313,93.79
314,93.8
315,93.82
316,93.82
317,93.81
318,93.83
319,93.83
320,93.85
321,93.83
322,93.8
324,93.81
325,93.85
328,93.85
329,93.85
330,93.86
334,93.86
335,93.86
336,93.92
337,93.9
338,93.91
339,93.89
340,93.87
341,93.88
343,93.9
344,93.88
345,93.87
346,93.86
347,93.82
348,93.83
349,93.85
350,93.88
351,93.88
352,93.86
353,93.83
354,93.85
356,93.87
357,93.85
359,93.87
360,93.86
362,93.88
363,93.87
364,93.89
365,93.89
366,93.9
367,93.88
368,93.87
369,93.87
370,93.85
371,93.85
372,93.82
373,93.83
374,93.83
375,93.84
376,93.86
377,93.87
379,93.89
380,93.92
381,93.93
382,93.92
383,93.93
385,93.93
386,93.93
387,93.96
388,93.96
389,93.98
390,93.96
391,93.94
392,93.9
393,93.86
394,93.82
395,93.82
396,93.84
397,93.82
398,93.78
399,93.77
400,93.77
401,93.78
402,93.82
403,93.77
404,93.8
405,93.83
406,93.8
407,93.78
408,93.82
409,93.8
410,93.85
411,93.87
412,93.83
413,93.86
414,93.86
415,93.84
416,93.84
417,93.86
418,93.91
419,93.91
420,93.94
421,93.9
422,93.92
423,93.91
424,93.85
425,93.87
426,93.87
427,93.89
428,93.89
429,93.94
430,93.92
431,93.91
432,93.92
433,93.9
434,93.85
435,93.87
436,93.9
437,93.93
438,93.94
439,93.93
440,93.88
441,93.88
442,93.89
443,93.86
445,93.88
446,93.84
447,93.83
448,93.85
449,93.87
450,93.89
451,93.89
452,93.88
453,93.91
454,93.92
455,93.92
456,93.91
457,93.9
458,93.9
459,93.87
460,93.87
461,93.91
462,93.87
463,93.88
464,93.87
465,93.83
466,93.87
467,93.89
468,93.91
469,93.91
470,93.9
471,93.91
472,93.92
473,93.89
474,93.88
476,93.9
477,93.92
478,93.95
479,93.92
480,93.95
481,93.94
482,93.94
483,93.91
484,93.96
485,93.94
486,93.96
487,94
488,93.98
489,93.96
490,93.96
491,93.97
492,93.98
493,93.99
494,93.99
495,94.01
496,94.02
497,94.06
498,94.01
499,94.06
500,94.06
501,94.04
502,94.04
503,94.07
504,94.09
505,94.08
506,94.08
507,94.11
508,94.13
509,94.15
a1494399660,93.83
1,93.74
2,93.75
3,93.8
4,93.77
6,93.7
8,93.69
9,93.66
10,93.58
11,93.62
12,93.6
15,93.6
16,93.59
17,93.55
18,93.59
19,93.54
20,93.54
21,93.51
23,93.53
24,93.51
25,93.55
27,93.55
28,93.59
29,93.57
30,93.53
31,93.54
32,93.51
33,93.51
34,93.52
35,93.49
36,93.52
37,93.52
38,93.55
39,93.5
41,93.5
42,93.5
43,93.52
44,93.52
45,93.49
46,93.43
48,93.47
49,93.47
50,93.47
51,93.5
52,93.52
53,93.54
54,93.54
55,93.55
56,93.55
57,93.54
58,93.56
59,93.56
60,93.56
61,93.59
62,93.6
63,93.57
64,93.63
65,93.62
66,93.63
67,93.65
68,93.65
69,93.66
71,93.63
72,93.62
74,93.68
75,93.68
76,93.64
77,93.61
78,93.61
80,93.65
81,93.64
82,93.66
83,93.67
84,93.68
85,93.73
86,93.74
87,93.78
88,93.79
90,93.82
95,93.85
96,93.87
97,93.85
98,93.95
99,94
100,94.04
101,94
102,94.02
104,94.02
107,94.06
108,94.09
109,94.1
110,94.08
111,94.07
112,94.04
113,94.02
114,94
115,94
116,93.97
117,93.98
118,94.04
122,94.02
123,94.03
125,94.05
126,94.04
130,94.09
131,94.06
132,94.06
133,94.03
134,94.03
135,93.98
136,93.93
137,93.99
141,93.98
144,93.96
145,93.97
146,93.98
150,94.08
151,94.06
152,94.08
153,94.06
154,94
156,94.02
157,94.01
158,94
159,93.99
160,93.98
161,93.97
162,93.96
164,93.92
165,93.96
166,93.98
167,94.01
168,94.03
170,94
171,93.98
173,93.97
174,93.95
175,93.98
176,93.99
177,93.99
178,94
180,93.99
181,93.98
182,93.98
183,93.95
184,93.97
186,93.96
187,93.96
189,93.96
190,93.95
191,93.96
192,93.95
196,93.94
197,93.94
198,93.99
199,93.99
203,94
204,94
205,93.98
206,93.98
207,94
209,93.97
211,93.96
212,93.98
213,93.98
214,93.98
215,94.01
216,94.03
218,94.07
219,94.07
222,94.1
223,94.17
224,94.18
225,94.17
226,94.15
227,94.15
228,94.15
229,94.09
231,94.1
232,94.11
233,94.14
235,94.14
236,94.12
239,94.09
242,94.16
243,94.12
244,94.18
245,94.17
246,94.17
247,94.2
248,94.21
249,94.21
250,94.24
252,94.24
253,94.27
255,94.29
256,94.28
257,94.29
258,94.29
259,94.28
261,94.28
262,94.24
263,94.25
267,94.26
268,94.25
269,94.22
270,94.21
272,94.18
274,94.21
275,94.22
278,94.21
279,94.24
281,94.22
283,94.22
284,94.23
285,94.23
287,94.22
288,94.25
289,94.25
290,94.25
291,94.25
294,94.21
295,94.22
296,94.21
299,94.18
301,94.17
302,94.19
303,94.18
304,94.15
305,94.18
310,94.2
311,94.21
312,94.19
313,94.21
314,94.21
315,94.21
316,94.23
317,94.21
318,94.19
319,94.17
320,94.17
321,94.18
322,94.14
323,94.13
324,94.13
325,94.11
326,94.1
328,94.11
329,94.17
330,94.22
331,94.22
332,94.19
333,94.19
334,94.23
336,94.24
337,94.27
338,94.28
339,94.28
341,94.27
342,94.27
344,94.3
345,94.29
348,94.28
349,94.27
350,94.23
351,94.22
353,94.21
354,94.24
355,94.24
356,94.24
357,94.25
358,94.24
360,94.24
362,94.23
363,94.22
365,94.21
366,94.23
368,94.19
369,94.2
371,94.21
372,94.16
373,94.17
374,94.2
375,94.23
376,94.25
377,94.25
378,94.32
380,94.3
382,94.29
383,94.29
384,94.27
385,94.26
386,94.26
387,94.28
388,94.29
389,94.27
390,94.29
391,94.28
392,94.28
393,94.29
394,94.28
395,94.25
396,94.25
397,94.28
398,94.27
400,94.25
401,94.28
404,94.27
405,94.27
406,94.26
407,94.25
408,94.26
410,94.26
411,94.26
412,94.25
413,94.25
414,94.25
415,94.26
416,94.28
417,94.29
418,94.32
419,94.31
420,94.31
421,94.31
422,94.33
423,94.32
424,94.33
425,94.37
426,94.41
427,94.41
428,94.42
429,94.41
430,94.39
431,94.39
432,94.4
433,94.39
434,94.4
435,94.42
436,94.41
438,94.41
439,94.41
440,94.42
441,94.44
442,94.46
443,94.46
444,94.45
445,94.45
446,94.46
447,94.46
448,94.46
449,94.43
450,94.43
451,94.39
452,94.31
453,94.31
455,94.35
456,94.36
457,94.34
458,94.33
460,94.33
461,94.33
463,94.34
464,94.3
465,94.33
466,94.32
467,94.32
468,94.32
469,94.33
470,94.33
471,94.34
472,94.31
473,94.27
474,94.17
475,94.2
476,94.17
477,94.18
478,94.18
479,94.2
480,94.19
482,94.2
483,94.19
484,94.2
485,94.21
486,94.19
487,94.2
488,94.18
489,94.2
490,94.18
491,94.18
492,94.21
493,94.16
494,94.17
495,94.19
496,94.17
497,94.16
498,94.14
499,94.11
500,94.08
501,94.12
502,94.15
503,94.13
504,94.13
505,94.14
507,94.14
508,94.16
509,94.2
a1494486060,94.13
1,94
2,93.95
3,93.9
4,93.88
5,94.05
6,94.09
7,94.1
8,94.08
9,94.03
10,93.98
11,94.13
12,94.19
13,94.24
14,94.28
15,94.36
16,94.4
17,94.42
18,94.44
19,94.42
20,94.46
21,94.49
22,94.43
24,94.46
25,94.5
26,94.53
27,94.53
28,94.61
29,94.6
30,94.58
31,94.53
32,94.48
33,94.49
34,94.53
35,94.53
36,94.47
37,94.47
38,94.47
39,94.45
40,94.49
41,94.46
42,94.5
43,94.5
44,94.49
45,94.43
46,94.45
47,94.44
48,94.43
49,94.43
50,94.38
51,94.34
52,94.39
53,94.46
54,94.48
55,94.51
56,94.49
57,94.52
58,94.52
59,94.47
60,94.51
61,94.46
62,94.45
64,94.4
65,94.41
66,94.45
67,94.44
68,94.45
69,94.45
70,94.44
71,94.44
72,94.46
73,94.45
74,94.44
75,94.45
76,94.42
77,94.42
79,94.42
80,94.42
81,94.44
82,94.4
83,94.39
84,94.39
85,94.41
86,94.39
87,94.4
89,94.42
90,94.46
91,94.45
92,94.4
93,94.4
94,94.4
95,94.43
98,94.44
99,94.4
101,94.33
102,94.3
103,94.29
105,94.3
106,94.29
107,94.28
108,94.29
109,94.26
110,94.28
112,94.3
113,94.32
114,94.34
116,94.43
117,94.4
119,94.39
120,94.4
121,94.4
122,94.35
123,94.32
124,94.28
125,94.3
127,94.29
128,94.3
129,94.27
130,94.29
131,94.32
132,94.32
133,94.34
134,94.36
136,94.35
137,94.36
138,94.36
139,94.39
140,94.41
141,94.41
142,94.46
143,94.45
144,94.47
145,94.45
146,94.43
147,94.39
149,94.42
150,94.44
153,94.43
154,94.41
156,94.39
158,94.39
159,94.35
160,94.33
161,94.31
162,94.33
163,94.36
165,94.36
168,94.38
169,94.43
170,94.42
171,94.47
172,94.47
173,94.44
175,94.41
176,94.38
177,94.38
178,94.43
179,94.4
180,94.41
181,94.4
182,94.42
184,94.45
185,94.48
188,94.48
189,94.48
190,94.48
191,94.46
192,94.51
193,94.5
195,94.52
196,94.47
198,94.48
199,94.46
200,94.47
201,94.45
202,94.45
203,94.43
204,94.44
205,94.43
206,94.46
207,94.46
208,94.47
209,94.5
211,94.51
212,94.49
214,94.49
215,94.46
216,94.45
217,94.44
218,94.47
219,94.46
220,94.48
222,94.5
223,94.48
225,94.49
227,94.52
228,94.54
229,94.53
230,94.52
231,94.51
232,94.51
233,94.55
236,94.51
237,94.47
239,94.45
242,94.47
243,94.43
244,94.45
245,94.45
246,94.47
250,94.51
252,94.52
256,94.59
257,94.54
258,94.51
259,94.51
262,94.49
264,94.53
265,94.51
268,94.5
269,94.51
271,94.52
273,94.54
274,94.54
275,94.53
276,94.54
277,94.54
278,94.55
279,94.57
280,94.54
281,94.55
282,94.55
283,94.54
285,94.55
286,94.53
287,94.52
288,94.43
289,94.44
290,94.37
291,94.34
292,94.39
293,94.46
294,94.43
295,94.43
296,94.42
297,94.42
298,94.42
300,94.42
301,94.42
302,94.46
303,94.47
304,94.46
305,94.44
306,94.47
307,94.46
308,94.52
310,94.5
311,94.46
312,94.47
313,94.5
314,94.51
315,94.5
316,94.49
317,94.51
318,94.49
319,94.51
320,94.5
321,94.49
322,94.48
324,94.48
325,94.47
326,94.46
327,94.47
328,94.47
329,94.41
330,94.41
331,94.46
332,94.45
333,94.5
334,94.49
335,94.51
336,94.57
337,94.57
338,94.6
339,94.62
340,94.63
341,94.65
342,94.66
343,94.65
344,94.65
345,94.66
346,94.67
347,94.69
348,94.73
349,94.7
350,94.65
351,94.68
352,94.65
354,94.65
355,94.67
356,94.65
357,94.68
358,94.69
359,94.66
360,94.67
361,94.65
363,94.65
364,94.63
366,94.64
367,94.64
368,94.66
369,94.65
370,94.66
371,94.63
372,94.63
373,94.65
374,94.65
375,94.65
376,94.63
377,94.63
378,94.62
379,94.65
380,94.65
381,94.66
382,94.63
383,94.63
384,94.61
385,94.62
386,94.61
387,94.65
388,94.67
389,94.67
390,94.7
391,94.69
392,94.65
393,94.61
394,94.59
395,94.59
396,94.54
397,94.53
398,94.52
399,94.46
400,94.47
401,94.42
402,94.4
403,94.39
404,94.34
405,94.31
406,94.22
407,94.23
408,94.22
409,94.28
410,94.26
411,94.14
412,94.16
413,94.14
414,94.09
415,94.07
416,94.07
417,94.03
418,94.07
419,94.06
420,94.05
421,94.02
422,94.03
423,94.08
424,94.1
425,94.15
426,94.21
427,94.24
428,94.27
429,94.25
430,94.24
431,94.21
432,94.2
433,94.18
434,94.13
435,94.12
436,94.18
437,94.11
438,94.05
439,94.09
440,94.09
441,94.06
442,94.06
443,94.09
444,94.01
445,94.03
446,94.05
447,94.1
448,94.16
449,94.16
450,94.1
451,94.08
452,94.05
453,94.06
454,94.07
455,94.09
456,94.15
457,94.15
458,94.15
459,94.19
460,94.2
461,94.21
462,94.26
463,94.23
464,94.26
465,94.22
466,94.22
467,94.23
468,94.23
469,94.21
470,94.21
471,94.17
472,94.17
473,94.16
474,94.19
475,94.2
476,94.21
477,94.18
478,94.17
479,94.2
480,94.21
481,94.23
482,94.23
483,94.23
485,94.25
486,94.24
487,94.22
488,94.21
489,94.2
490,94.22
491,94.2
492,94.19
493,94.18
494,94.19
495,94.19
496,94.17
497,94.17
499,94.17
500,94.08
501,94.11
502,94.1
503,94.11
504,94.09
505,94.14
506,94.15
507,94.16
508,94.14
509,94.12
a1494572460,94.59
1,94.74
2,94.57
3,94.41
4,94.32
5,94.41
6,94.34
7,94.41
8,94.3
9,94.33
10,94.32
11,94.32
12,94.26
13,94.17
14,94.17
15,94.17
16,94.17
17,94.26
18,94.2
19,94.24
20,94.31
22,94.32
23,94.33
24,94.35
25,94.34
26,94.38
27,94.4
28,94.42
29,94.32
30,94.34
31,94.38
32,94.35
34,94.39
35,94.34
36,94.33
37,94.29
38,94.27
39,94.25
40,94.21
41,94.22
42,94.25
43,94.26
44,94.23
45,94.2
46,94.22
47,94.23
48,94.25
49,94.25
50,94.26
52,94.29
53,94.22
55,94.21
56,94.27
57,94.29
58,94.27
59,94.22
60,94.18
61,94.16
62,94.15
63,94.14
64,94.12
65,94.11
66,94.09
67,94.1
68,94.07
69,94.03
70,94.03
71,94.04
73,94.04
74,94.04
76,94.03
78,94.03
79,94
80,94
81,94.01
82,93.98
83,93.97
84,93.96
85,93.95
86,93.97
87,93.96
88,93.98
89,93.96
92,93.98
93,93.97
94,93.96
95,93.99
96,93.98
97,93.99
98,94
99,94.01
102,94
104,93.97
105,93.97
106,93.95
107,93.96
108,93.99
109,93.99
110,93.97
111,93.95
112,93.93
113,93.91
114,93.91
115,93.91
116,93.92
117,93.88
119,93.85
120,93.84
121,93.82
122,93.83
123,93.85
124,93.91
125,93.97
126,94
127,94
128,94.01
129,94.03
130,94.08
131,94.05
132,94.09
133,94.09
135,94.08
136,94.11
137,94.13
138,94.14
140,94.11
141,94.1
142,94.08
143,94.07
144,94.05
145,94.07
146,94.05
147,94.04
148,94.04
149,94.05
150,94.07
151,94.07
152,94.07
153,94.07
154,94.08
155,94.06
156,94.04
157,94.03
158,94.07
159,94.07
160,94.05
161,94.03
162,94.04
163,94.03
164,94.04
165,93.99
166,94.01
167,94.01
168,94.01
169,94.03
170,94
171,93.97
172,93.93
173,94
174,93.98
175,93.96
176,93.96
177,93.95
178,93.96
179,93.95
180,93.94
181,93.93
182,93.97
183,93.97
184,93.96
185,93.97
186,93.93
188,93.93
190,93.92
191,93.91
193,93.87
194,93.86
198,93.92
199,93.92
200,93.9
201,93.9
202,93.91
203,93.9
204,93.9
205,93.9
206,93.9
207,93.9
208,93.9
209,93.91
210,93.9
211,93.89
212,93.86
213,93.86
214,93.86
217,93.88
218,93.87
220,93.86
221,93.86
222,93.88
223,93.88
224,93.89
225,93.89
226,93.89
228,93.89
229,93.9
230,93.9
231,93.9
232,93.9
233,93.91
236,93.88
237,93.91
239,93.92
242,93.93
243,93.91
244,93.93
246,93.92
248,93.93
249,93.92
250,93.93
252,93.94
253,93.94
254,93.94
255,93.93
256,93.91
258,93.92
260,93.9
261,93.89
262,93.89
263,93.9
264,93.9
265,93.91
266,93.91
268,93.92
270,93.91
271,93.94
272,93.92
273,93.91
274,93.91
275,93.92
278,93.93
279,93.92
280,93.93
282,93.92
283,93.94
285,93.94
286,93.98
287,94.04
288,94.03
289,94.03
290,94
291,94.02
293,94.01
296,94.02
297,94.02
298,94.02
299,94.01
301,94.01
302,93.99
303,94.01
304,94
305,94.01
306,94.03
307,94.07
308,94.08
309,94.09
310,94.1
311,94.11
312,94.13
314,94.14
315,94.14
318,94.15
319,94.13
320,94.13
321,94.12
322,94.13
323,94.12
324,94.11
325,94.12
326,94.1
327,94.09
328,94.08
329,94.07
330,94.06
331,94.14
332,94.13
334,94.16
335,94.17
336,94.17
337,94.2
338,94.22
340,94.25
341,94.22
342,94.23
344,94.21
345,94.22
346,94.22
347,94.21
348,94.2
349,94.22
351,94.21
352,94.21
353,94.21
354,94.23
357,94.21
358,94.2
359,94.19
362,94.22
364,94.24
366,94.24
367,94.27
370,94.28
371,94.29
373,94.34
375,94.36
378,94.38
380,94.36
381,94.35
382,94.33
383,94.33
384,94.37
385,94.39
386,94.4
387,94.41
390,94.35
394,94.42
395,94.44
397,94.45
398,94.45
399,94.47
400,94.52
401,94.51
403,94.53
404,94.52
405,94.54
406,94.54
407,94.58
408,94.58
409,94.57
410,94.58
411,94.58
412,94.58
413,94.58
414,94.58
415,94.56
416,94.59
417,94.58
418,94.6
419,94.61
420,94.61
421,94.58
422,94.61
423,94.61
424,94.62
425,94.64
426,94.66
427,94.66
428,94.7
429,94.67
430,94.67
431,94.64
432,94.62
433,94.63
435,94.62
436,94.65
437,94.68
438,94.68
439,94.67
442,94.68
443,94.73
444,94.77
446,94.76
447,94.73
448,94.7
449,94.7
450,94.64
451,94.63
452,94.54
453,94.51
454,94.49
455,94.47
456,94.47
457,94.44
458,94.4
459,94.42
460,94.4
461,94.39
462,94.38
463,94.37
464,94.36
465,94.36
466,94.37
467,94.36
468,94.37
469,94.36
470,94.36
471,94.33
472,94.31
473,94.31
474,94.32
475,94.31
476,94.38
477,94.43
478,94.41
479,94.45
480,94.45
481,94.42
483,94.43
484,94.39
485,94.4
486,94.48
487,94.47
488,94.43
489,94.45
490,94.45
491,94.44
492,94.45
493,94.45
494,94.43
495,94.48
496,94.45
497,94.47
498,94.49
499,94.53
500,94.58
501,94.61
503,94.62
505,94.64
506,94.59
507,94.67
508,94.64
509,94.63
"
