NDX1
"EXCHANGE%3DETR
MARKET_OPEN_MINUTE=540
MARKET_CLOSE_MINUTE=1050
INTERVAL=60
COLUMNS=DATE,OPEN
DATA=
TIMEZONE_OFFSET=120
a1496732460,12.58
3,12.565
4,12.65
5,12.63
6,12.6
7,12.575
8,12.59
12,12.625
15,12.645
16,12.61
17,12.64
18,12.61
19,12.64
20,12.64
21,12.605
24,12.6
25,12.595
27,12.585
28,12.575
29,12.62
30,12.595
33,12.595
35,12.62
36,12.605
40,12.58
42,12.61
43,12.66
44,12.66
45,12.66
53,12.66
54,12.71
57,12.7
62,12.7
63,12.675
66,12.68
67,12.685
68,12.67
74,12.665
75,12.7
76,12.69
78,12.675
81,12.665
82,12.635
86,12.625
88,12.635
89,12.645
94,12.635
96,12.64
97,12.62
98,12.615
99,12.615
100,12.63
103,12.63
106,12.615
107,12.615
109,12.645
110,12.615
111,12.6
113,12.61
116,12.58
120,12.57
123,12.59
131,12.57
133,12.575
136,12.56
137,12.56
140,12.575
141,12.59
144,12.58
145,12.595
152,12.58
156,12.57
157,12.58
158,12.57
166,12.575
167,12.57
171,12.58
177,12.575
178,12.57
179,12.53
183,12.55
184,12.55
185,12.545
186,12.545
188,12.53
189,12.53
193,12.545
196,12.53
198,12.525
200,12.52
201,12.51
202,12.525
203,12.535
206,12.53
207,12.545
213,12.545
214,12.535
215,12.52
219,12.53
223,12.54
224,12.53
227,12.54
228,12.54
230,12.53
231,12.53
232,12.52
234,12.535
236,12.545
239,12.545
242,12.545
244,12.565
245,12.54
250,12.545
258,12.55
262,12.55
264,12.535
265,12.52
266,12.52
269,12.52
270,12.535
271,12.515
272,12.58
274,12.58
282,12.595
283,12.6
284,12.62
286,12.615
287,12.63
288,12.66
289,12.66
291,12.65
292,12.625
293,12.615
294,12.6
297,12.595
299,12.59
300,12.59
309,12.59
314,12.6
315,12.59
319,12.59
320,12.59
323,12.57
324,12.565
326,12.565
327,12.57
329,12.585
334,12.585
336,12.575
337,12.565
338,12.575
339,12.585
347,12.58
351,12.58
353,12.585
358,12.585
359,12.585
360,12.58
363,12.59
364,12.595
369,12.575
375,12.59
380,12.59
383,12.605
384,12.6
386,12.59
391,12.59
393,12.595
394,12.61
398,12.61
400,12.62
401,12.62
403,12.615
408,12.62
409,12.605
410,12.62
411,12.63
418,12.63
421,12.625
423,12.605
426,12.605
427,12.605
428,12.595
431,12.595
434,12.585
435,12.585
437,12.59
439,12.585
442,12.58
443,12.595
447,12.6
448,12.595
449,12.6
450,12.595
453,12.59
454,12.58
456,12.595
457,12.59
459,12.58
460,12.58
463,12.595
466,12.58
468,12.595
470,12.585
471,12.575
472,12.575
473,12.57
474,12.57
475,12.57
476,12.57
478,12.585
479,12.595
480,12.585
482,12.595
487,12.585
490,12.585
491,12.6
492,12.61
493,12.61
494,12.62
495,12.62
496,12.615
498,12.6
499,12.59
500,12.6
501,12.6
502,12.595
503,12.62
504,12.64
506,12.64
507,12.64
508,12.64
509,12.645
a1496818860,12.595
3,12.595
5,12.62
6,12.62
15,12.56
16,12.59
17,12.575
18,12.6
20,12.62
21,12.65
22,12.615
23,12.6
25,12.625
29,12.625
30,12.6
32,12.61
35,12.63
37,12.62
39,12.64
41,12.65
42,12.655
44,12.64
45,12.685
48,12.69
49,12.68
50,12.68
51,12.68
52,12.665
53,12.665
54,12.675
56,12.67
57,12.645
59,12.645
64,12.65
67,12.645
71,12.64
72,12.635
74,12.655
75,12.655
77,12.64
81,12.615
82,12.61
83,12.61
84,12.6
86,12.62
88,12.605
90,12.6
91,12.6
92,12.58
93,12.59
94,12.58
99,12.575
101,12.595
104,12.58
107,12.595
111,12.61
112,12.58
113,12.58
115,12.6
117,12.58
118,12.585
124,12.585
132,12.57
134,12.565
137,12.565
143,12.56
145,12.58
148,12.575
149,12.585
154,12.57
158,12.57
159,12.58
160,12.57
161,12.57
164,12.57
166,12.57
167,12.58
174,12.585
175,12.6
177,12.595
180,12.6
181,12.605
185,12.61
186,12.605
187,12.6
192,12.605
193,12.625
194,12.63
196,12.61
199,12.625
200,12.62
205,12.61
207,12.605
210,12.62
214,12.625
221,12.615
225,12.61
226,12.6
227,12.6
228,12.585
237,12.595
238,12.595
239,12.59
242,12.58
243,12.585
245,12.585
246,12.585
247,12.58
248,12.585
249,12.595
252,12.585
255,12.58
256,12.58
257,12.58
258,12.58
260,12.58
261,12.585
263,12.595
269,12.595
270,12.605
272,12.61
275,12.605
278,12.59
279,12.58
280,12.57
283,12.57
285,12.585
290,12.575
291,12.565
292,12.565
293,12.57
295,12.57
296,12.57
297,12.56
300,12.575
301,12.58
304,12.575
306,12.56
307,12.57
308,12.55
311,12.55
313,12.54
315,12.535
317,12.535
323,12.53
325,12.525
326,12.515
330,12.53
336,12.545
337,12.55
342,12.56
344,12.545
347,12.555
350,12.545
351,12.545
352,12.54
355,12.555
359,12.545
360,12.555
363,12.545
365,12.54
366,12.54
367,12.55
370,12.54
371,12.545
373,12.545
374,12.545
375,12.54
377,12.545
379,12.55
380,12.555
381,12.54
382,12.53
384,12.52
390,12.53
393,12.52
397,12.535
398,12.535
399,12.535
401,12.52
402,12.52
407,12.53
409,12.515
410,12.53
412,12.51
413,12.44
414,12.455
415,12.43
416,12.44
417,12.44
419,12.465
422,12.465
423,12.465
427,12.465
429,12.455
430,12.425
432,12.44
433,12.425
434,12.395
435,12.395
436,12.38
437,12.38
438,12.4
439,12.39
440,12.39
441,12.375
442,12.375
443,12.385
445,12.375
447,12.355
448,12.35
449,12.35
450,12.35
451,12.29
452,12.325
453,12.355
454,12.35
455,12.34
457,12.345
458,12.3
459,12.285
460,12.295
461,12.27
462,12.29
463,12.3
464,12.29
465,12.27
466,12.28
467,12.285
469,12.29
470,12.25
471,12.245
472,12.25
473,12.27
474,12.265
475,12.265
476,12.27
477,12.27
478,12.275
479,12.25
480,12.25
481,12.25
482,12.25
483,12.265
484,12.265
485,12.24
487,12.24
488,12.27
491,12.275
492,12.275
493,12.27
494,12.27
495,12.265
496,12.25
497,12.27
498,12.28
499,12.25
500,12.265
501,12.275
502,12.28
503,12.265
504,12.285
505,12.27
506,12.275
507,12.26
508,12.275
509,12.275
a1496905380,12.07
2,12
3,12
4,12.015
5,12
6,12.03
7,12.01
8,12.03
9,12.055
10,12.07
11,12.08
12,12.1
13,12.02
14,12.03
15,12
16,11.925
17,11.8
18,11.76
19,11.88
20,11.93
21,11.91
22,11.93
23,11.9
24,11.87
25,11.865
26,11.89
28,11.86
29,11.86
30,11.87
31,11.89
32,11.89
33,11.89
34,11.9
35,11.94
36,11.88
37,11.87
38,11.87
39,11.87
40,11.885
41,11.885
42,11.85
43,11.77
44,11.755
45,11.77
46,11.755
47,11.76
48,11.74
49,11.655
50,11.66
52,11.685
53,11.65
54,11.65
55,11.62
56,11.625
57,11.7
58,11.71
59,11.7
60,11.8
61,11.82
62,11.8
63,11.8
64,11.76
65,11.82
66,11.79
67,11.815
68,11.815
69,11.85
70,11.83
74,11.845
75,11.85
76,11.85
77,11.8
78,11.805
79,11.81
80,11.785
81,11.81
82,11.81
83,11.81
84,11.815
85,11.82
87,11.845
88,11.93
89,11.915
90,11.94
91,11.945
92,11.93
93,11.93
94,11.935
95,11.9
97,11.93
99,11.91
100,11.935
101,11.935
102,11.945
103,11.935
104,11.93
105,11.92
106,11.91
107,11.91
108,11.935
109,11.9
110,11.935
111,11.93
112,11.925
113,11.925
114,11.92
120,11.935
121,11.925
122,11.925
123,11.925
124,11.925
125,11.93
126,11.925
127,11.95
128,11.915
130,11.9
131,11.905
132,11.92
133,11.91
135,11.91
139,11.925
141,11.91
142,11.89
143,11.96
145,11.96
146,11.965
154,11.95
156,11.97
157,11.95
160,11.975
162,11.98
165,11.97
166,11.975
170,11.97
171,11.97
173,11.965
174,11.955
177,11.97
179,11.955
181,11.97
184,11.955
185,11.96
187,11.955
188,11.96
189,11.96
193,11.95
194,11.965
195,11.965
196,11.955
197,11.97
198,11.955
200,11.955
201,11.97
204,11.96
205,11.955
207,11.97
208,11.98
211,11.965
213,11.995
215,11.995
217,11.965
219,11.995
220,11.97
221,11.965
223,11.965
227,11.965
230,11.97
240,11.95
241,11.955
243,11.96
244,11.955
246,11.955
247,11.96
248,11.96
249,11.96
254,11.955
255,11.95
256,11.92
257,11.87
258,11.86
259,11.885
260,11.87
262,11.885
263,11.885
264,11.885
265,11.86
266,11.85
268,11.84
271,11.825
272,11.82
273,11.82
276,11.825
279,11.835
280,11.815
282,11.8
283,11.81
284,11.83
285,11.835
288,11.805
294,11.825
297,11.805
298,11.8
299,11.81
300,11.775
301,11.745
302,11.74
303,11.73
304,11.725
305,11.72
306,11.725
307,11.72
308,11.71
310,11.735
311,11.745
312,11.75
313,11.745
315,11.74
317,11.74
319,11.75
320,11.745
321,11.725
322,11.73
323,11.745
325,11.75
326,11.75
327,11.745
328,11.76
329,11.755
330,11.735
331,11.705
332,11.715
333,11.72
334,11.715
335,11.735
336,11.735
337,11.72
339,11.73
340,11.715
341,11.72
342,11.725
344,11.72
345,11.715
346,11.705
348,11.71
350,11.7
351,11.71
352,11.715
353,11.71
354,11.705
355,11.705
356,11.7
357,11.7
358,11.68
359,11.675
360,11.675
361,11.68
362,11.69
364,11.7
367,11.7
368,11.7
369,11.7
370,11.7
371,11.695
373,11.69
374,11.705
376,11.69
378,11.705
379,11.7
381,11.7
382,11.715
383,11.75
384,11.745
385,11.76
386,11.765
387,11.75
388,11.755
389,11.755
391,11.745
393,11.76
394,11.76
395,11.75
397,11.72
398,11.725
399,11.74
400,11.74
401,11.72
403,11.745
404,11.75
406,11.76
407,11.74
408,11.74
409,11.71
410,11.705
411,11.705
412,11.72
413,11.71
414,11.715
415,11.71
417,11.72
418,11.72
419,11.73
420,11.755
422,11.76
424,11.75
425,11.765
429,11.77
431,11.78
432,11.795
433,11.785
434,11.8
437,11.8
439,11.79
441,11.8
442,11.79
443,11.795
444,11.8
447,11.805
449,11.805
450,11.805
451,11.81
452,11.815
454,11.82
460,11.79
461,11.765
462,11.76
463,11.76
464,11.75
465,11.77
466,11.78
467,11.795
470,11.795
471,11.795
472,11.805
473,11.805
474,11.805
475,11.815
476,11.81
477,11.815
478,11.815
479,11.815
480,11.83
482,11.82
483,11.85
484,11.84
486,11.85
487,11.84
488,11.835
489,11.84
491,11.85
492,11.85
493,11.85
494,11.85
496,11.87
497,11.87
498,11.875
499,11.89
500,11.89
501,11.88
502,11.87
503,11.87
504,11.87
505,11.87
507,11.86
a1496991660,11.845
3,11.815
5,11.82
6,11.855
7,11.82
8,11.855
9,11.825
10,11.82
11,11.81
13,11.8
14,11.82
15,11.8
16,11.8
17,11.815
18,11.825
20,11.845
24,11.85
25,11.89
26,11.885
28,11.875
29,11.86
31,11.9
32,11.9
33,11.9
35,11.9
36,11.91
37,11.935
38,11.915
39,11.91
41,11.93
42,11.92
43,11.93
45,11.905
46,11.9
47,11.89
48,11.875
49,11.84
50,11.825
51,11.85
52,11.865
53,11.865
56,11.86
60,11.835
61,11.82
62,11.835
63,11.84
64,11.835
65,11.835
66,11.815
67,11.785
69,11.82
70,11.845
72,11.86
73,11.875
74,11.875
76,11.9
77,11.875
78,11.855
81,11.815
82,11.82
83,11.825
84,11.835
85,11.8
86,11.815
88,11.845
97,11.82
98,11.85
100,11.85
101,11.85
103,11.835
106,11.865
109,11.84
110,11.84
111,11.845
112,11.84
115,11.85
116,11.85
118,11.84
119,11.845
122,11.85
123,11.835
124,11.82
125,11.83
127,11.825
128,11.825
132,11.84
133,11.84
134,11.85
135,11.85
137,11.85
141,11.865
144,11.88
146,11.875
147,11.885
149,11.875
150,11.89
155,11.88
156,11.89
157,11.905
159,11.87
161,11.87
169,11.87
175,11.865
182,11.87
189,11.85
190,11.84
191,11.835
197,11.86
205,11.845
211,11.865
212,11.86
214,11.875
215,11.885
217,11.89
218,11.89
219,11.87
221,11.86
224,11.84
226,11.835
229,11.835
230,11.835
232,11.84
233,11.845
236,11.825
238,11.835
239,11.83
242,11.85
244,11.82
246,11.82
248,11.82
250,11.845
254,11.83
258,11.805
260,11.8
264,11.825
266,11.8
267,11.8
269,11.825
271,11.8
272,11.825
274,11.825
278,11.82
280,11.81
282,11.815
284,11.825
295,11.85
296,11.85
298,11.85
299,11.88
300,11.87
302,11.845
313,11.85
317,11.855
322,11.835
323,11.83
324,11.84
328,11.845
329,11.855
330,11.86
333,11.85
334,11.845
342,11.86
344,11.865
345,11.865
349,11.865
350,11.855
353,11.86
356,11.835
357,11.84
359,11.86
366,11.86
373,11.85
382,11.85
383,11.85
384,11.85
395,11.86
396,11.855
397,11.855
398,11.865
405,11.865
407,11.865
408,11.86
413,11.86
415,11.84
416,11.865
419,11.865
420,11.87
421,11.855
422,11.875
424,11.885
428,11.885
430,11.91
433,11.91
434,11.91
435,11.91
436,11.91
437,11.91
438,11.915
441,11.9
442,11.91
445,11.91
448,11.89
451,11.905
452,11.905
453,11.91
454,11.915
455,11.915
456,11.925
457,11.905
458,11.905
459,11.905
461,11.905
462,11.92
463,11.92
465,11.91
467,11.91
470,11.91
471,11.92
473,11.935
474,11.935
479,11.94
480,11.95
481,11.94
483,11.935
484,11.945
486,11.95
487,11.965
488,11.965
490,11.95
491,11.94
492,11.92
493,11.935
495,11.93
496,11.945
497,11.92
499,11.92
500,11.92
501,11.92
505,11.92
506,11.905
507,11.89
509,11.895
a1497250860,11.875
3,11.92
4,11.92
7,11.935
8,11.95
11,11.92
13,11.92
14,11.91
15,11.885
16,11.9
17,11.92
19,11.93
21,11.915
23,11.9
24,11.92
26,11.925
28,11.9
30,11.92
31,11.9
32,11.915
35,11.9
36,11.91
37,11.9
39,11.9
40,11.91
41,11.945
43,11.94
44,11.93
45,11.93
49,11.9
50,11.915
52,11.915
54,11.885
56,11.915
58,11.9
59,11.92
63,11.9
65,11.925
71,11.94
72,11.95
74,11.95
77,11.92
79,11.91
84,11.91
87,11.91
91,11.905
92,11.92
98,11.9
99,11.905
100,11.915
104,11.9
107,11.905
108,11.91
111,11.9
113,11.905
114,11.88
116,11.87
117,11.875
119,11.88
137,11.865
138,11.88
143,11.875
144,11.86
146,11.86
148,11.875
150,11.875
152,11.85
154,11.845
155,11.83
156,11.84
157,11.845
159,11.84
162,11.825
163,11.835
164,11.84
165,11.845
166,11.85
169,11.85
170,11.855
172,11.835
177,11.83
184,11.84
187,11.835
189,11.845
190,11.855
194,11.845
196,11.825
197,11.82
199,11.81
202,11.81
204,11.8
207,11.815
210,11.815
216,11.795
217,11.77
218,11.74
220,11.75
221,11.78
222,11.79
225,11.79
230,11.79
231,11.785
233,11.79
236,11.77
237,11.77
239,11.76
242,11.77
243,11.76
245,11.76
247,11.77
252,11.77
253,11.77
255,11.77
260,11.765
263,11.76
266,11.78
271,11.76
278,11.74
279,11.73
280,11.72
281,11.72
282,11.705
283,11.71
285,11.725
290,11.7
291,11.69
292,11.69
293,11.675
294,11.685
297,11.68
298,11.685
299,11.67
300,11.66
302,11.68
303,11.68
306,11.685
308,11.7
310,11.68
312,11.645
313,11.64
319,11.65
320,11.665
323,11.675
325,11.67
326,11.675
327,11.675
329,11.66
335,11.675
336,11.68
339,11.675
343,11.69
344,11.7
345,11.71
349,11.7
352,11.715
356,11.715
357,11.7
358,11.7
362,11.71
365,11.69
369,11.7
370,11.69
371,11.67
373,11.685
375,11.72
379,11.72
380,11.725
384,11.72
386,11.72
387,11.72
390,11.72
391,11.71
394,11.725
395,11.74
396,11.745
399,11.755
401,11.745
402,11.74
407,11.765
410,11.765
412,11.75
413,11.745
414,11.74
417,11.765
419,11.77
420,11.74
423,11.74
424,11.74
425,11.75
426,11.745
427,11.75
429,11.76
431,11.78
432,11.785
436,11.775
437,11.785
440,11.78
442,11.77
443,11.775
444,11.765
446,11.775
448,11.785
450,11.78
451,11.78
452,11.77
453,11.765
454,11.76
455,11.765
461,11.755
462,11.735
463,11.73
464,11.74
465,11.74
466,11.74
467,11.735
469,11.725
471,11.72
472,11.725
473,11.725
476,11.71
477,11.725
479,11.725
480,11.71
481,11.715
482,11.73
483,11.73
484,11.715
486,11.715
487,11.75
488,11.755
489,11.755
490,11.755
491,11.76
492,11.76
494,11.75
495,11.745
496,11.745
497,11.755
500,11.75
501,11.75
502,11.745
503,11.73
504,11.73
505,11.725
506,11.725
507,11.73
508,11.735
509,11.75
a1497337260,11.74
6,11.71
7,11.72
9,11.755
10,11.77
12,11.79
13,11.81
14,11.805
18,11.805
20,11.77
23,11.78
26,11.78
27,11.8
28,11.82
29,11.81
31,11.81
36,11.81
37,11.83
38,11.825
47,11.83
54,11.82
56,11.82
61,11.83
63,11.84
64,11.81
68,11.82
73,11.845
78,11.82
81,11.815
82,11.83
85,11.815
89,11.8
90,11.82
92,11.82
94,11.805
97,11.81
98,11.8
99,11.785
102,11.78
106,11.77
108,11.77
110,11.775
119,11.79
120,11.785
121,11.78
127,11.78
132,11.79
133,11.775
135,11.755
139,11.755
140,11.75
144,11.76
145,11.76
146,11.75
151,11.755
152,11.755
154,11.755
156,11.75
163,11.755
164,11.745
174,11.74
183,11.74
184,11.735
185,11.75
186,11.735
187,11.72
188,11.73
193,11.705
196,11.705
198,11.71
209,11.71
210,11.705
211,11.71
214,11.72
215,11.725
216,11.74
217,11.74
230,11.745
233,11.75
236,11.75
239,11.75
242,11.755
243,11.735
245,11.73
246,11.74
247,11.75
248,11.74
250,11.74
252,11.74
253,11.745
258,11.755
262,11.755
268,11.745
270,11.745
271,11.74
272,11.74
277,11.735
278,11.75
279,11.745
280,11.75
283,11.75
285,11.73
290,11.74
298,11.75
299,11.74
301,11.74
302,11.74
308,11.74
309,11.73
310,11.725
316,11.725
319,11.74
322,11.74
323,11.74
326,11.725
327,11.72
328,11.7
330,11.72
331,11.735
338,11.725
344,11.74
345,11.74
346,11.735
347,11.75
354,11.75
355,11.76
356,11.76
364,11.75
365,11.755
366,11.75
367,11.75
368,11.75
369,11.72
371,11.72
373,11.7
374,11.72
376,11.715
377,11.705
380,11.7
381,11.72
382,11.72
384,11.72
386,11.73
387,11.735
388,11.72
390,11.735
391,11.745
395,11.73
397,11.72
401,11.73
404,11.725
405,11.735
406,11.73
407,11.755
408,11.755
413,11.75
415,11.74
417,11.735
418,11.75
419,11.75
420,11.75
421,11.73
423,11.74
425,11.74
428,11.73
429,11.725
430,11.725
432,11.725
433,11.72
434,11.745
436,11.745
443,11.73
444,11.735
445,11.73
446,11.72
447,11.72
449,11.705
450,11.72
451,11.735
454,11.73
460,11.745
463,11.73
464,11.72
465,11.705
469,11.705
470,11.705
471,11.735
482,11.74
483,11.74
485,11.725
487,11.715
488,11.725
489,11.735
492,11.74
493,11.745
494,11.75
499,11.75
500,11.755
501,11.755
502,11.75
506,11.755
508,11.74
a1497423660,11.795
5,11.795
6,11.795
7,11.84
9,11.85
10,11.84
11,11.825
12,11.815
14,11.8
15,11.8
19,11.82
20,11.835
22,11.85
25,11.825
26,11.82
27,11.82
28,11.83
32,11.84
33,11.825
34,11.82
35,11.82
39,11.795
40,11.79
42,11.79
43,11.775
45,11.805
46,11.825
47,11.84
48,11.805
49,11.8
51,11.8
52,11.805
53,11.81
54,11.8
55,11.795
56,11.805
57,11.805
60,11.8
61,11.815
62,11.84
63,11.825
64,11.805
65,11.815
66,11.795
68,11.795
70,11.8
71,11.795
72,11.815
74,11.805
77,11.8
82,11.815
83,11.835
84,11.825
85,11.805
86,11.8
89,11.78
90,11.78
91,11.75
94,11.755
95,11.78
97,11.8
99,11.79
100,11.8
102,11.785
105,11.785
106,11.8
110,11.78
111,11.78
113,11.775
114,11.77
116,11.755
117,11.755
120,11.745
121,11.74
122,11.755
126,11.765
134,11.765
135,11.8
137,11.795
139,11.81
142,11.815
143,11.8
144,11.8
145,11.8
146,11.79
147,11.81
153,11.795
159,11.81
162,11.81
163,11.82
164,11.8
166,11.82
168,11.815
169,11.77
175,11.775
176,11.805
177,11.805
178,11.81
180,11.795
182,11.78
185,11.78
187,11.78
191,11.775
197,11.785
198,11.785
205,11.8
206,11.8
210,11.81
213,11.81
215,11.795
216,11.795
222,11.79
223,11.77
226,11.775
228,11.765
229,11.765
230,11.815
231,11.81
232,11.82
233,11.82
238,11.84
239,11.815
242,11.775
244,11.79
245,11.805
248,11.805
249,11.8
250,11.81
251,11.79
252,11.785
257,11.785
263,11.795
264,11.82
266,11.765
267,11.755
270,11.785
273,11.76
274,11.75
276,11.74
280,11.77
287,11.78
293,11.77
302,11.77
304,11.765
306,11.765
312,11.765
315,11.785
319,11.765
320,11.76
322,11.76
327,11.785
328,11.78
329,11.8
330,11.78
331,11.79
334,11.795
339,11.785
340,11.785
343,11.785
348,11.79
353,11.785
354,11.775
355,11.78
356,11.77
359,11.77
361,11.78
365,11.77
366,11.765
368,11.755
369,11.74
370,11.73
373,11.73
375,11.715
376,11.71
377,11.705
378,11.725
381,11.75
384,11.73
385,11.72
388,11.71
392,11.71
393,11.705
404,11.7
405,11.69
409,11.69
411,11.695
416,11.71
417,11.705
419,11.7
420,11.69
422,11.695
423,11.695
424,11.665
426,11.675
427,11.68
428,11.68
429,11.69
431,11.69
432,11.69
435,11.68
436,11.685
437,11.685
440,11.685
444,11.705
445,11.705
450,11.725
451,11.71
452,11.71
458,11.715
459,11.71
461,11.725
463,11.725
464,11.72
465,11.71
466,11.725
467,11.75
468,11.735
471,11.75
473,11.74
477,11.7
478,11.705
481,11.7
483,11.7
486,11.69
487,11.705
489,11.71
490,11.71
492,11.69
493,11.68
496,11.685
497,11.685
498,11.68
499,11.66
500,11.66
502,11.68
503,11.67
504,11.68
505,11.685
506,11.685
507,11.68
508,11.67
509,11.68
a1497510060,11.75
1,11.75
2,11.775
3,11.735
4,11.675
5,11.65
6,11.615
7,11.6
8,11.6
9,11.58
10,11.605
11,11.635
12,11.63
13,11.55
14,11.515
18,11.56
19,11.565
20,11.605
21,11.57
24,11.56
25,11.57
27,11.57
28,11.57
31,11.58
32,11.57
35,11.57
36,11.58
39,11.59
42,11.625
43,11.625
44,11.62
45,11.595
46,11.57
47,11.6
50,11.565
51,11.6
52,11.59
54,11.565
56,11.58
58,11.575
61,11.565
62,11.595
64,11.6
65,11.575
66,11.575
68,11.56
69,11.58
71,11.56
72,11.56
73,11.565
74,11.565
77,11.59
78,11.62
79,11.6
80,11.6
87,11.615
88,11.6
89,11.6
91,11.585
93,11.58
94,11.58
96,11.58
97,11.57
98,11.57
99,11.57
100,11.56
101,11.58
104,11.565
106,11.565
108,11.56
111,11.585
112,11.585
113,11.625
116,11.6
119,11.58
120,11.6
121,11.6
127,11.6
129,11.59
130,11.6
131,11.575
133,11.56
134,11.575
143,11.565
144,11.55
146,11.535
147,11.53
149,11.54
154,11.535
155,11.54
167,11.55
170,11.565
171,11.56
176,11.55
177,11.575
179,11.585
181,11.57
182,11.57
183,11.545
185,11.57
193,11.555
194,11.555
196,11.555
197,11.555
199,11.59
200,11.6
201,11.57
202,11.57
212,11.57
213,11.55
216,11.57
217,11.57
218,11.57
219,11.59
220,11.61
221,11.6
222,11.6
223,11.615
225,11.59
226,11.59
227,11.59
229,11.58
231,11.59
234,11.59
237,11.565
238,11.57
242,11.55
249,11.575
250,11.585
252,11.595
259,11.585
265,11.6
273,11.605
276,11.57
278,11.55
282,11.575
284,11.575
285,11.6
290,11.59
299,11.575
301,11.575
302,11.545
304,11.545
305,11.53
306,11.53
310,11.535
311,11.535
314,11.53
317,11.54
320,11.54
325,11.535
326,11.55
327,11.55
328,11.54
329,11.55
331,11.55
332,11.545
337,11.55
338,11.535
339,11.55
341,11.54
345,11.545
347,11.53
348,11.53
349,11.545
350,11.56
351,11.58
352,11.56
355,11.56
360,11.555
361,11.565
362,11.58
363,11.59
365,11.58
366,11.565
367,11.565
369,11.57
370,11.585
373,11.595
376,11.595
378,11.59
380,11.58
381,11.585
384,11.605
385,11.635
386,11.645
387,11.635
388,11.64
389,11.645
394,11.64
395,11.655
398,11.65
400,11.64
402,11.65
403,11.65
404,11.62
406,11.585
407,11.59
411,11.6
414,11.61
416,11.615
419,11.62
420,11.62
421,11.62
422,11.63
423,11.635
430,11.63
431,11.605
436,11.605
438,11.605
440,11.605
449,11.62
450,11.63
454,11.62
455,11.62
456,11.6
459,11.6
460,11.595
464,11.605
465,11.625
467,11.61
468,11.605
469,11.6
471,11.6
474,11.61
475,11.61
477,11.62
480,11.63
483,11.64
484,11.635
485,11.635
486,11.635
487,11.635
488,11.645
489,11.64
490,11.65
491,11.645
492,11.65
493,11.63
494,11.64
495,11.65
497,11.65
498,11.65
499,11.65
500,11.65
501,11.65
502,11.65
503,11.67
504,11.67
505,11.7
506,11.705
507,11.715
508,11.715
509,11.74
a1497596460,11.74
2,11.76
4,11.81
5,11.775
6,11.775
7,11.775
10,11.765
11,11.815
12,11.82
16,11.8
17,11.77
18,11.76
19,11.785
20,11.76
21,11.75
22,11.705
23,11.655
24,11.635
26,11.64
29,11.655
30,11.65
32,11.68
34,11.68
37,11.68
38,11.66
44,11.67
45,11.66
46,11.675
50,11.685
51,11.71
52,11.71
56,11.71
59,11.7
60,11.695
61,11.685
64,11.68
70,11.68
73,11.66
74,11.645
76,11.645
79,11.63
80,11.63
82,11.63
83,11.61
84,11.63
88,11.675
90,11.675
91,11.655
92,11.65
94,11.655
96,11.665
102,11.67
106,11.665
108,11.655
121,11.67
122,11.66
123,11.66
127,11.66
128,11.65
130,11.65
132,11.66
133,11.675
134,11.665
135,11.655
137,11.66
138,11.66
139,11.665
142,11.675
144,11.67
148,11.66
149,11.665
152,11.675
155,11.67
157,11.67
158,11.67
160,11.68
162,11.685
165,11.695
166,11.755
169,11.72
170,11.705
171,11.71
173,11.715
175,11.71
177,11.71
178,11.705
180,11.715
181,11.755
182,11.75
185,11.745
188,11.74
189,11.73
191,11.73
192,11.725
193,11.745
194,11.745
196,11.745
197,11.78
203,11.785
204,11.78
207,11.78
213,11.775
214,11.775
220,11.785
224,11.79
225,11.78
226,11.78
227,11.775
230,11.75
231,11.745
234,11.75
235,11.755
236,11.76
238,11.785
242,11.76
248,11.78
249,11.765
251,11.78
255,11.77
256,11.765
262,11.765
263,11.77
265,11.775
273,11.765
275,11.765
278,11.765
281,11.77
282,11.77
285,11.76
288,11.75
291,11.745
295,11.725
308,11.72
316,11.735
322,11.74
324,11.755
329,11.76
332,11.76
334,11.75
337,11.745
338,11.735
339,11.74
342,11.765
343,11.75
344,11.765
351,11.765
357,11.755
359,11.765
360,11.755
364,11.75
366,11.76
367,11.755
372,11.74
375,11.735
382,11.725
383,11.725
384,11.735
385,11.735
386,11.735
389,11.735
390,11.735
391,11.725
394,11.725
395,11.72
397,11.715
402,11.71
403,11.72
406,11.72
410,11.74
416,11.74
417,11.73
419,11.74
421,11.73
423,11.725
424,11.735
425,11.745
426,11.755
428,11.765
431,11.75
432,11.73
433,11.73
438,11.75
439,11.74
443,11.735
445,11.735
446,11.73
449,11.73
450,11.735
453,11.735
454,11.72
456,11.72
458,11.735
459,11.72
462,11.715
463,11.715
465,11.715
467,11.7
468,11.715
471,11.705
473,11.7
474,11.7
475,11.685
476,11.685
477,11.7
482,11.69
483,11.695
485,11.7
487,11.7
488,11.715
489,11.725
491,11.72
492,11.715
493,11.715
495,11.715
497,11.71
500,11.73
501,11.725
502,11.715
506,11.71
507,11.705
508,11.71
509,11.72
a1497855660,11.725
1,11.75
2,11.755
3,11.77
4,11.77
5,11.775
6,11.74
7,11.79
8,11.78
10,11.795
11,11.795
12,11.78
13,11.77
14,11.77
15,11.755
16,11.77
17,11.78
21,11.77
23,11.8
24,11.79
27,11.8
28,11.8
29,11.79
34,11.765
35,11.765
36,11.79
37,11.77
39,11.765
42,11.77
43,11.735
44,11.735
52,11.725
54,11.72
55,11.725
56,11.7
61,11.72
64,11.7
65,11.7
66,11.7
75,11.71
80,11.725
82,11.705
90,11.71
91,11.695
92,11.69
95,11.715
98,11.71
104,11.71
107,11.71
108,11.7
109,11.69
112,11.7
113,11.69
116,11.68
118,11.675
121,11.67
126,11.67
127,11.67
128,11.65
129,11.65
130,11.67
131,11.69
134,11.69
138,11.68
140,11.7
141,11.68
142,11.68
143,11.675
145,11.675
156,11.655
158,11.65
159,11.62
165,11.61
166,11.61
168,11.6
170,11.61
172,11.62
175,11.62
180,11.645
186,11.63
192,11.64
195,11.635
201,11.615
204,11.625
205,11.64
209,11.65
214,11.635
217,11.63
218,11.61
223,11.625
224,11.61
228,11.61
233,11.615
242,11.6
247,11.605
253,11.605
254,11.6
259,11.605
260,11.6
261,11.605
263,11.6
265,11.6
266,11.565
268,11.56
273,11.565
274,11.565
275,11.55
277,11.565
281,11.57
283,11.575
287,11.585
291,11.585
297,11.58
299,11.59
316,11.57
318,11.57
326,11.57
327,11.565
329,11.575
330,11.56
333,11.545
334,11.54
337,11.555
343,11.555
344,11.55
348,11.55
351,11.55
352,11.55
353,11.56
356,11.545
357,11.56
358,11.56
360,11.575
361,11.56
362,11.57
363,11.57
369,11.565
371,11.57
377,11.56
378,11.56
380,11.56
382,11.55
384,11.55
385,11.565
386,11.565
389,11.57
390,11.57
392,11.57
393,11.57
395,11.565
401,11.565
408,11.56
409,11.56
414,11.56
415,11.565
416,11.575
417,11.565
420,11.57
422,11.57
423,11.57
425,11.58
430,11.575
431,11.575
433,11.57
434,11.58
436,11.585
440,11.58
441,11.58
444,11.57
445,11.56
446,11.555
450,11.55
457,11.55
461,11.56
462,11.575
463,11.58
465,11.58
471,11.585
474,11.58
475,11.58
476,11.585
479,11.595
480,11.595
481,11.585
486,11.58
487,11.585
489,11.58
490,11.58
492,11.58
496,11.58
497,11.58
498,11.58
499,11.58
500,11.58
501,11.575
503,11.57
504,11.57
505,11.565
506,11.565
507,11.575
508,11.58
509,11.575
a1497942060,11.555
4,11.605
5,11.565
6,11.59
7,11.55
9,11.6
10,11.585
13,11.59
15,11.59
16,11.6
19,11.6
20,11.575
21,11.585
23,11.6
26,11.605
28,11.63
30,11.63
34,11.63
35,11.63
36,11.62
38,11.61
43,11.605
44,11.63
46,11.615
50,11.6
51,11.61
52,11.59
53,11.595
61,11.61
62,11.625
63,11.625
65,11.615
66,11.615
71,11.61
73,11.625
74,11.64
75,11.65
77,11.67
78,11.675
79,11.685
80,11.69
81,11.695
82,11.715
83,11.715
84,11.71
85,11.71
86,11.71
88,11.7
89,11.685
90,11.685
91,11.7
92,11.69
94,11.69
95,11.755
96,11.755
99,11.755
100,11.755
104,11.75
106,11.75
107,11.76
108,11.775
110,11.78
111,11.775
112,11.835
113,11.845
114,11.84
118,11.83
120,11.82
124,11.81
125,11.8
126,11.78
127,11.8
129,11.8
132,11.795
133,11.79
134,11.81
139,11.79
141,11.795
142,11.81
143,11.795
147,11.795
149,11.81
152,11.785
153,11.785
157,11.775
158,11.775
162,11.775
163,11.8
165,11.775
166,11.755
171,11.78
172,11.78
173,11.765
174,11.77
178,11.77
181,11.79
182,11.765
185,11.755
194,11.725
197,11.725
198,11.72
199,11.71
201,11.7
206,11.7
207,11.69
209,11.69
210,11.69
211,11.69
212,11.71
215,11.69
219,11.685
222,11.685
225,11.69
230,11.68
232,11.66
236,11.65
238,11.655
242,11.65
243,11.67
244,11.67
247,11.67
248,11.7
250,11.69
252,11.685
253,11.685
262,11.665
263,11.65
264,11.665
265,11.68
272,11.67
273,11.665
278,11.67
279,11.67
286,11.67
287,11.675
288,11.74
289,11.74
294,11.725
301,11.72
304,11.705
311,11.685
312,11.7
313,11.725
314,11.775
315,11.77
318,11.75
321,11.75
327,11.74
334,11.74
335,11.74
337,11.71
340,11.69
344,11.695
345,11.7
349,11.68
350,11.67
357,11.665
361,11.64
363,11.66
364,11.655
368,11.66
369,11.67
371,11.655
379,11.65
380,11.64
386,11.655
388,11.635
390,11.635
396,11.635
399,11.645
400,11.635
404,11.635
406,11.635
409,11.62
411,11.625
415,11.625
416,11.61
417,11.605
418,11.61
420,11.595
421,11.58
422,11.57
425,11.585
429,11.585
430,11.57
431,11.555
432,11.555
437,11.56
439,11.585
441,11.585
442,11.585
444,11.57
445,11.565
446,11.555
448,11.57
449,11.57
450,11.57
454,11.565
456,11.555
460,11.555
463,11.55
464,11.555
467,11.57
468,11.57
469,11.57
470,11.57
473,11.575
474,11.575
478,11.555
479,11.575
480,11.56
481,11.555
482,11.56
483,11.57
486,11.565
487,11.565
488,11.565
489,11.565
490,11.585
495,11.57
496,11.57
497,11.57
498,11.57
499,11.57
500,11.575
501,11.575
503,11.55
504,11.565
505,11.595
506,11.58
507,11.58
508,11.58
509,11.555
a1498028580,11.45
2,11.4
3,11.405
4,11.4
5,11.46
6,11.45
7,11.425
8,11.425
9,11.42
10,11.39
11,11.39
12,11.37
13,11.36
14,11.37
15,11.37
16,11.36
17,11.355
18,11.33
19,11.345
20,11.28
21,11.27
22,11.265
24,11.29
25,11.285
30,11.285
31,11.285
32,11.285
33,11.285
34,11.275
35,11.255
36,11.25
37,11.27
38,11.24
39,11.23
40,11.22
41,11.21
42,11.235
43,11.23
44,11.24
45,11.225
46,11.24
47,11.225
48,11.21
49,11.165
50,11.18
51,11.21
52,11.21
53,11.22
54,11.21
56,11.225
57,11.22
58,11.2
59,11.185
60,11.19
61,11.185
62,11.16
63,11.14
64,11.125
65,11.1
66,11.115
67,11.11
68,11.1
69,11.08
71,11.1
72,11.1
73,11.1
74,11.09
75,11.075
76,11.065
77,11.055
78,11.025
79,11.085
80,11.03
81,11
82,11.02
83,11.065
84,11.045
85,11.06
86,11.06
87,11.07
88,11.07
89,11.07
90,11.08
91,11.08
92,11.05
93,11.03
94,11.02
95,11.025
96,11.02
97,11.04
98,11.035
99,11.05
100,11.04
101,11.025
102,10.985
103,10.97
104,10.92
105,10.915
106,10.945
107,10.91
109,10.92
110,10.86
111,10.855
112,10.865
113,10.87
114,10.915
116,10.98
117,10.96
118,10.965
119,10.945
120,10.95
121,10.955
122,10.91
123,10.91
124,10.885
125,10.905
126,10.88
127,10.89
128,10.94
129,10.95
131,10.965
132,11.035
133,11.015
134,11.025
135,11.01
136,11.04
137,11.03
138,11
139,11.015
141,11.015
143,11.005
145,11.01
147,11.01
148,11.02
149,11.01
150,10.975
151,10.965
153,10.97
154,10.965
155,10.965
156,10.975
157,11
158,10.99
161,11
162,10.995
164,10.995
165,10.985
166,11
168,11
170,11.01
171,10.99
172,10.98
173,10.99
174,10.99
176,10.98
177,10.95
178,10.95
179,10.965
182,10.97
184,10.98
185,10.97
188,10.97
191,10.97
192,10.99
193,10.995
198,11
199,10.99
201,10.995
204,10.98
205,10.99
207,10.975
208,10.955
215,10.955
218,10.935
223,10.95
226,10.965
227,10.955
228,10.955
229,10.95
230,10.925
232,10.94
234,10.92
235,10.915
236,10.9
237,10.895
240,10.905
241,10.895
242,10.895
243,10.88
244,10.9
245,10.885
247,10.885
248,10.9
250,10.89
251,10.89
252,10.9
253,10.88
254,10.895
256,10.89
257,10.89
258,10.885
259,10.89
260,10.9
261,10.915
266,10.93
267,10.93
268,10.94
271,10.95
275,10.97
276,10.97
277,10.95
278,10.97
279,10.98
280,10.99
281,11
282,11.01
283,10.995
286,10.995
288,11
289,11
291,11.01
293,11
294,10.995
297,10.99
298,11.01
299,11.025
300,11.01
301,11
303,10.995
305,10.98
306,10.98
312,10.995
313,11
314,11
315,11.005
317,11.015
318,11
321,11.015
322,10.975
323,10.97
324,10.97
330,10.97
334,10.965
335,10.95
336,10.925
337,10.92
339,10.935
341,10.94
342,10.95
345,10.935
346,10.935
347,10.93
349,10.915
351,10.93
354,10.91
355,10.92
357,10.92
358,10.93
359,10.905
360,10.91
361,10.915
364,10.905
366,10.92
367,10.925
368,10.94
371,10.92
374,10.92
375,10.925
376,10.92
377,10.91
378,10.915
379,10.91
380,10.89
382,10.905
383,10.9
384,10.91
385,10.915
386,10.93
388,10.92
392,10.93
393,10.92
397,10.915
398,10.925
399,10.93
400,10.92
401,10.94
402,10.94
403,10.915
404,10.93
406,10.92
407,10.92
409,10.935
410,10.915
411,10.915
412,10.93
414,10.945
415,10.935
416,10.945
417,10.95
418,10.955
421,10.935
423,10.95
428,10.96
429,10.96
430,10.94
431,10.95
432,10.95
433,10.945
434,10.945
436,10.95
437,10.94
438,10.955
440,10.94
441,10.955
442,10.94
444,10.95
445,10.94
446,10.94
448,10.95
449,10.95
450,10.955
452,10.97
453,10.965
454,10.96
455,10.955
456,10.95
457,10.955
459,10.955
461,10.98
462,10.98
463,10.98
464,10.98
465,10.97
466,10.96
467,10.955
468,10.965
469,10.945
470,10.945
472,10.945
473,10.955
475,10.95
476,10.945
477,10.95
478,10.935
479,10.94
480,10.94
481,10.94
484,10.94
485,10.935
486,10.935
488,10.94
490,10.945
492,10.95
494,10.955
495,10.955
496,10.96
497,10.97
499,10.965
501,10.965
502,10.96
503,10.96
504,10.95
505,10.955
506,10.97
507,10.98
a1498114860,10.88
1,10.875
2,10.895
4,10.87
5,10.86
6,10.845
7,10.8
8,10.775
9,10.75
10,10.755
11,10.735
12,10.68
13,10.7
14,10.7
15,10.72
16,10.705
17,10.79
18,10.7
19,10.73
20,10.73
21,10.745
22,10.75
23,10.75
24,10.76
25,10.78
27,10.785
28,10.775
30,10.82
31,10.815
32,10.815
36,10.775
37,10.775
38,10.765
41,10.77
42,10.765
44,10.765
45,10.76
46,10.77
47,10.76
48,10.76
49,10.75
50,10.765
51,10.765
52,10.765
53,10.79
55,10.785
56,10.775
57,10.73
58,10.71
59,10.725
61,10.725
62,10.715
63,10.705
64,10.715
67,10.7
69,10.67
70,10.66
71,10.64
72,10.62
73,10.65
74,10.63
75,10.6
76,10.6
77,10.56
78,10.58
79,10.57
80,10.58
81,10.55
82,10.56
83,10.58
84,10.59
85,10.55
86,10.58
88,10.59
89,10.58
91,10.595
92,10.605
94,10.61
95,10.625
97,10.625
99,10.67
100,10.71
101,10.7
103,10.72
105,10.7
106,10.765
107,10.745
108,10.75
109,10.75
110,10.74
111,10.75
112,10.745
113,10.75
114,10.75
115,10.765
116,10.735
118,10.755
119,10.78
120,10.73
121,10.735
123,10.7
125,10.725
126,10.73
128,10.72
129,10.745
130,10.75
131,10.75
132,10.74
134,10.74
137,10.75
139,10.74
143,10.72
144,10.73
146,10.73
147,10.72
148,10.705
149,10.705
150,10.69
151,10.68
152,10.69
154,10.7
155,10.71
157,10.71
158,10.71
161,10.72
162,10.72
164,10.71
167,10.78
171,10.78
172,10.78
177,10.8
178,10.805
179,10.81
181,10.805
182,10.81
183,10.815
185,10.805
186,10.785
187,10.785
188,10.795
189,10.78
191,10.78
192,10.79
194,10.8
195,10.8
196,10.8
197,10.82
198,10.785
199,10.785
201,10.78
202,10.795
203,10.79
206,10.775
207,10.77
212,10.76
213,10.77
216,10.785
218,10.77
219,10.755
220,10.755
221,10.77
224,10.775
225,10.77
235,10.755
236,10.755
237,10.74
238,10.725
242,10.71
245,10.7
248,10.71
249,10.715
250,10.725
258,10.725
263,10.715
264,10.68
265,10.675
268,10.675
269,10.68
270,10.69
271,10.67
272,10.68
273,10.68
274,10.675
279,10.675
282,10.68
284,10.68
285,10.67
288,10.695
289,10.65
290,10.63
292,10.64
293,10.635
294,10.65
298,10.65
299,10.66
300,10.665
301,10.655
302,10.655
305,10.65
306,10.63
307,10.62
308,10.605
310,10.6
311,10.6
312,10.61
315,10.615
317,10.62
318,10.61
319,10.6
320,10.6
322,10.6
323,10.615
326,10.615
327,10.6
329,10.6
330,10.62
332,10.62
333,10.615
337,10.615
338,10.625
339,10.625
341,10.615
343,10.615
344,10.62
345,10.605
347,10.61
348,10.61
349,10.6
350,10.605
351,10.62
353,10.62
356,10.615
357,10.635
360,10.62
362,10.615
364,10.6
365,10.6
366,10.61
367,10.615
369,10.61
370,10.63
371,10.61
373,10.625
375,10.62
376,10.61
377,10.605
382,10.62
384,10.62
386,10.61
387,10.61
388,10.615
389,10.615
390,10.63
391,10.62
392,10.62
394,10.625
396,10.61
397,10.605
399,10.62
404,10.62
407,10.63
409,10.62
410,10.61
411,10.62
412,10.62
415,10.635
416,10.625
418,10.635
419,10.635
420,10.625
424,10.615
425,10.62
426,10.61
428,10.61
430,10.615
434,10.615
435,10.63
438,10.635
440,10.625
441,10.615
442,10.615
443,10.625
444,10.62
445,10.605
449,10.605
450,10.62
451,10.615
452,10.615
453,10.605
456,10.615
457,10.62
458,10.605
459,10.615
461,10.61
463,10.605
464,10.61
465,10.61
467,10.61
468,10.61
469,10.61
471,10.61
472,10.61
473,10.61
474,10.605
477,10.585
478,10.58
479,10.57
480,10.575
481,10.58
482,10.59
483,10.6
484,10.605
485,10.605
486,10.6
488,10.605
489,10.605
490,10.605
491,10.6
492,10.605
493,10.61
494,10.615
496,10.61
497,10.61
498,10.6
499,10.6
500,10.615
501,10.615
502,10.62
503,10.625
504,10.645
505,10.655
506,10.645
507,10.65
508,10.675
509,10.645
a1498201260,10.525
2,10.56
4,10.56
6,10.57
7,10.545
8,10.52
10,10.54
11,10.54
12,10.54
13,10.575
14,10.565
15,10.55
17,10.555
18,10.555
21,10.56
22,10.575
23,10.58
24,10.585
25,10.555
26,10.555
27,10.55
28,10.545
30,10.545
31,10.465
32,10.505
33,10.505
34,10.505
35,10.505
37,10.52
38,10.525
41,10.545
44,10.545
45,10.525
46,10.485
47,10.46
48,10.46
49,10.48
50,10.465
51,10.46
52,10.47
53,10.47
54,10.46
56,10.46
57,10.45
59,10.45
60,10.445
61,10.455
62,10.44
63,10.425
64,10.425
65,10.43
66,10.435
67,10.45
68,10.46
70,10.455
72,10.465
73,10.465
74,10.46
76,10.45
78,10.44
79,10.43
80,10.445
81,10.45
84,10.46
85,10.465
87,10.45
88,10.43
91,10.445
92,10.43
95,10.445
96,10.44
97,10.45
99,10.445
100,10.46
101,10.455
102,10.46
106,10.46
109,10.47
110,10.515
111,10.535
112,10.54
113,10.525
114,10.515
115,10.49
116,10.5
117,10.51
118,10.5
119,10.5
120,10.495
125,10.49
126,10.485
131,10.475
135,10.48
136,10.5
137,10.495
138,10.485
139,10.485
140,10.485
141,10.475
142,10.46
143,10.44
144,10.45
146,10.45
147,10.44
148,10.44
149,10.43
150,10.43
151,10.425
152,10.425
153,10.44
154,10.43
155,10.43
157,10.43
158,10.425
159,10.42
160,10.44
163,10.43
164,10.42
165,10.42
166,10.42
167,10.415
168,10.4
169,10.38
170,10.38
171,10.37
172,10.36
173,10.355
175,10.36
176,10.375
177,10.385
178,10.39
179,10.38
180,10.36
182,10.36
184,10.35
185,10.345
186,10.32
187,10.29
188,10.275
189,10.27
190,10.27
191,10.255
194,10.28
195,10.265
196,10.24
198,10.24
199,10.23
200,10.245
202,10.25
203,10.275
204,10.255
205,10.23
208,10.255
209,10.265
210,10.26
211,10.29
214,10.3
215,10.33
216,10.275
217,10.3
218,10.3
219,10.29
221,10.3
222,10.27
224,10.255
225,10.26
228,10.27
229,10.27
230,10.265
231,10.265
232,10.26
233,10.26
234,10.265
236,10.27
237,10.26
238,10.255
239,10.26
242,10.25
243,10.25
244,10.245
245,10.26
246,10.27
247,10.27
248,10.28
251,10.29
252,10.3
255,10.295
256,10.28
257,10.265
259,10.265
260,10.265
261,10.26
262,10.26
263,10.26
264,10.255
265,10.255
266,10.255
267,10.25
269,10.265
270,10.23
273,10.23
275,10.25
276,10.255
277,10.26
278,10.265
280,10.255
282,10.245
283,10.26
284,10.25
285,10.24
287,10.26
288,10.26
290,10.25
291,10.24
292,10.25
293,10.25
294,10.24
295,10.235
296,10.24
297,10.235
298,10.245
299,10.235
300,10.225
301,10.22
302,10.225
303,10.24
304,10.215
308,10.24
309,10.22
310,10.22
311,10.24
312,10.23
314,10.23
316,10.23
317,10.25
318,10.23
321,10.25
322,10.245
323,10.235
325,10.24
328,10.23
329,10.22
332,10.24
333,10.235
334,10.235
335,10.22
336,10.22
337,10.22
338,10.22
340,10.225
341,10.225
343,10.225
344,10.24
345,10.245
347,10.24
349,10.245
350,10.235
351,10.24
352,10.255
353,10.26
354,10.25
355,10.245
356,10.25
357,10.25
358,10.25
360,10.255
361,10.25
362,10.255
363,10.26
364,10.27
365,10.27
367,10.27
369,10.255
370,10.27
371,10.27
373,10.27
375,10.27
376,10.285
377,10.27
378,10.28
381,10.275
382,10.28
383,10.285
384,10.29
385,10.29
386,10.32
387,10.315
388,10.305
389,10.305
390,10.31
391,10.32
392,10.32
393,10.32
394,10.325
395,10.31
396,10.325
398,10.295
399,10.3
400,10.3
402,10.305
403,10.29
406,10.29
407,10.29
408,10.29
410,10.295
411,10.28
412,10.295
414,10.3
415,10.29
416,10.29
417,10.3
418,10.3
419,10.3
420,10.3
421,10.3
424,10.3
426,10.3
429,10.3
430,10.3
431,10.3
432,10.3
436,10.3
437,10.295
439,10.295
440,10.295
441,10.3
442,10.3
443,10.3
444,10.305
445,10.305
446,10.27
447,10.29
448,10.29
449,10.31
450,10.315
451,10.33
452,10.33
453,10.34
454,10.33
455,10.35
456,10.36
457,10.36
458,10.355
459,10.365
460,10.365
461,10.37
462,10.37
463,10.37
464,10.38
465,10.405
466,10.41
467,10.43
468,10.415
469,10.41
470,10.415
471,10.375
472,10.39
473,10.39
474,10.39
475,10.395
476,10.395
477,10.395
478,10.41
479,10.39
480,10.375
481,10.375
482,10.385
483,10.37
484,10.36
486,10.36
488,10.36
489,10.34
490,10.355
491,10.325
492,10.315
493,10.325
494,10.325
495,10.32
496,10.32
497,10.315
498,10.325
499,10.33
500,10.345
501,10.335
502,10.335
503,10.34
504,10.34
505,10.36
506,10.335
507,10.3
508,10.3
509,10.3
a1498460460,10.275
1,10.285
2,10.255
3,10.29
4,10.33
5,10.33
6,10.36
7,10.385
8,10.29
9,10.32
11,10.345
12,10.345
13,10.355
15,10.35
16,10.37
17,10.38
21,10.355
22,10.34
23,10.36
25,10.36
27,10.365
28,10.38
30,10.395
31,10.37
32,10.39
34,10.39
35,10.395
37,10.375
38,10.395
39,10.4
40,10.415
41,10.4
42,10.415
43,10.415
44,10.41
45,10.41
46,10.43
47,10.475
48,10.49
49,10.49
50,10.505
51,10.475
52,10.465
53,10.46
54,10.45
55,10.425
56,10.43
57,10.41
58,10.4
59,10.4
60,10.395
61,10.405
62,10.42
63,10.44
65,10.44
66,10.44
67,10.435
69,10.43
70,10.41
71,10.4
72,10.405
75,10.425
77,10.415
79,10.43
82,10.41
83,10.415
84,10.43
86,10.415
87,10.415
88,10.405
90,10.42
91,10.425
94,10.43
95,10.43
97,10.415
98,10.435
101,10.445
103,10.445
105,10.45
108,10.44
110,10.45
112,10.44
113,10.425
114,10.43
115,10.44
116,10.47
117,10.47
118,10.47
119,10.46
120,10.47
121,10.47
122,10.475
123,10.49
124,10.485
125,10.485
126,10.46
127,10.46
128,10.45
129,10.47
132,10.46
134,10.48
135,10.49
138,10.475
139,10.49
141,10.48
142,10.495
143,10.49
145,10.495
149,10.495
154,10.49
155,10.475
156,10.49
158,10.485
159,10.49
160,10.49
161,10.48
164,10.485
165,10.495
167,10.475
168,10.49
171,10.49
175,10.48
176,10.49
177,10.495
179,10.49
181,10.5
184,10.485
185,10.49
187,10.495
188,10.49
189,10.505
190,10.49
192,10.51
196,10.51
197,10.515
198,10.525
199,10.525
201,10.525
203,10.51
205,10.52
206,10.505
207,10.5
208,10.505
210,10.48
211,10.485
212,10.49
213,10.475
214,10.465
215,10.46
216,10.495
219,10.51
220,10.515
221,10.51
222,10.53
224,10.53
225,10.515
226,10.5
227,10.49
228,10.485
229,10.475
230,10.475
231,10.51
233,10.5
234,10.5
235,10.51
236,10.5
237,10.5
238,10.5
239,10.47
242,10.475
244,10.49
246,10.485
247,10.475
248,10.47
249,10.475
251,10.475
252,10.49
253,10.47
254,10.49
255,10.5
257,10.51
260,10.525
264,10.51
266,10.52
267,10.515
270,10.5
272,10.51
273,10.51
274,10.52
276,10.53
277,10.545
279,10.545
281,10.54
284,10.545
288,10.545
289,10.535
290,10.54
293,10.545
294,10.545
295,10.54
296,10.535
298,10.54
300,10.565
301,10.58
302,10.575
303,10.55
304,10.575
306,10.575
307,10.575
308,10.575
309,10.59
310,10.61
311,10.63
312,10.66
313,10.65
315,10.65
317,10.65
319,10.65
322,10.645
323,10.625
324,10.615
325,10.615
326,10.635
327,10.625
328,10.64
329,10.625
332,10.625
334,10.63
335,10.645
336,10.615
340,10.615
341,10.615
342,10.62
343,10.61
344,10.62
345,10.63
347,10.64
348,10.64
349,10.65
350,10.63
351,10.62
352,10.63
357,10.62
358,10.625
359,10.625
360,10.62
361,10.63
371,10.63
373,10.645
375,10.64
377,10.64
378,10.64
382,10.64
383,10.64
384,10.63
389,10.64
391,10.63
392,10.63
393,10.63
394,10.62
396,10.62
397,10.62
398,10.62
399,10.625
400,10.625
401,10.615
403,10.64
405,10.645
406,10.63
409,10.63
412,10.64
413,10.64
417,10.645
418,10.65
419,10.655
420,10.655
421,10.655
422,10.655
423,10.645
424,10.65
427,10.65
429,10.645
430,10.65
431,10.64
434,10.645
439,10.645
440,10.72
441,10.715
446,10.715
447,10.715
448,10.71
449,10.7
451,10.7
452,10.7
453,10.69
454,10.65
455,10.65
456,10.65
457,10.64
458,10.635
460,10.63
461,10.62
462,10.62
463,10.615
465,10.61
466,10.615
467,10.615
468,10.61
470,10.6
471,10.61
472,10.605
474,10.61
475,10.61
476,10.61
477,10.605
478,10.6
479,10.595
480,10.61
481,10.61
482,10.605
483,10.615
485,10.605
486,10.58
487,10.57
488,10.58
490,10.59
492,10.59
493,10.59
494,10.59
495,10.57
496,10.595
498,10.61
499,10.6
501,10.6
503,10.61
504,10.61
505,10.62
506,10.625
507,10.625
508,10.625
509,10.63
"
